    200551    1   0
     23099    1   4
     21595    1   0
    210527    0   1
       605    0   1
     22570    2   4
    195761    0   1
    108846    0   1
    201526    0   1
     26857    1   0
     33952    0   1
     24085    0   1
     42177    1   0
    196641    0   1
      1719    0   1
    207323    0   1
     20837    1   0
    205764    0   1
     53191    1   3
     69585    3   1
     22314    0   2
     23177    1   2
     28701    2   1
      2217    0   1
     78123    0   1
     27279    1   0
    196974    0   1
     21275    1   2
     28819    1   0
     23351    0   2
     24405    0   1
    196947    0   1
     45382    0   1
     20867    1   0
     19536    1   0
     28803    1   2
     21520    1   4
     26460    1   2
    221812    1   0
     24679    0   1
     19532    1   4
    198604    1   0
      3356    0   1
     23296    2   4
      1793    0   1
     22256    2   1
     20221    1   2
     19392    1   0
     76845    0   1
    199925    0   1
      1796    0   1
     20378    0   1
     78481    0   1
       517    0   1
    196615    0   1
    197855    0   1
     23751    1   4
     20204    1   2
     19466    1   0
     23733    0   2
     28420    0   2
      2154    0   1
     30227    0   1
     22355    1   0
     23628    2   1
     24383    1   2
     52126    1   2
     20465    1   2
     28783    0   1
     28907    2   1
     30773    1   0
     54095    2   4
     27861    1   4
    222147    1   0
     26287    0   1
     28337    0   1
     76370    0   1
    201433    0   1
     83470    0   1
     45978    0   1
      1825    0   1
    198723    0   1
     22145    1   2
    195767    0   1
     24215    2   0
    198773    0   1
     21889    0   1
    209913    1   0
    206746    0   1
     39996    0   1
    199083    0   1
    221587    0   1
     23820    2   1
    202767    0   1
     28682    1   2
     43398    0   1
     68188    4   2
    105161    0   1
     24523    0   2
    197306    1   0
     58928    4   2
     30370    2   4
    195976    0   1
     20688    2   1
     22481    0   1
     38736    0   1
    197704    0   1
      1087    0   1
     20653    1   0
     21415    1   0
     28381    1   2
     46217    0   1
     22398    1   2
     62810    1   4
     64790    0   1
     53910    1   4
     20054    1   2
     82099    0   1
    211227    0   1
     25769    0   1
     21789    1   4
     24249    1   0
     52838    0   1
     80770    0   1
     20025    1   2
     37003    0   1
      2396    0   1
     65194    3   1
     67288    1   4
     75530    0   1
    105209    0   1
     24838    0   1
     74912    0   1
     31213    1   2
     26874    1   0
     53414    0   4
     20022    1   0
     31951    1   2
     78632    0   1
    221798    1   0
     56050    0   1
     38315    1   0
     33513    2   0
     19337    0   1
     24476    0   2
     28704    0   1
    204692    0   1
     82519    0   1
     23904    0   1
       992    0   1
     20520    2   4
    197891    0   1
     52423    4   2
     19607    1   0
     56096    1   4
    199110    0   1
     83744    0   1
     53675    1   4
     27177    0   1
     76288    0   1
     68090    2   1
      2176    0   1
     19188    1   0
     20301    1   0
     24091    1   4
     30277    0   4
     60094    0   4
     20890    1   2
     61760    1   4
     58482    0   4
     19193    1   2
     20232    1   0
     29949    1   2
    195258    0   1
    201729    0   1
     28225    0   1
     19774    2   1
    193725    0   1
     63785    1   4
    201628    0   1
     20595    0   2
    213079    1   0
     75418    0   1
     22528    2   1
     33270    2   1
    204497    0   1
    204096    0   1
    205235    0   1
     35216    1   0
     62705    2   4
       869    0   1
      8238    1   2
     24727    1   0
     58038    0   2
      3023    0   1
     33729    1   2
     32240    1   2
     35305    0   1
     25409    0   2
       827    0   1
     30088    1   2
     24000    0   1
     23303    1   2
     34340    0   1
     25865    1   2
    105635    0   1
     58935    0   1
     80880    0   1
    198978    0   1
     19295    1   0
     21504    1   2
     60207    4   1
     36068    0   1
     82843    1   0
     38095    4   1
     28357    0   1
     20097    0   1
    196880    0   1
     53326    1   0
     24212    0   1
     23373    0   1
     52733    4   1
     28425    0   1
    206679    0   1
    105245    0   1
    104836    0   1
    210163    4   1
    200852    1   0
     22608    1   0
     26585    2   1
     19860    1   2
    200553    0   1
    200218    0   1
     80420    0   1
     24925    2   1
    202800    1   0
    198847    4   1
     54057    1   4
     55606    1   0
    197377    0   1
    198953    0   1
     52816    1   4
    222042    0   1
    199502    0   1
    212685    0   1
     28523    1   2
    198187    0   1
    198684    0   1
     79811    0   1
     23088    0   2
     27690    1   2
    197810    0   1
     24870    1   2
     20730    1   0
     23627    1   4
     59447    4   2
     32974    1   2
     66632    1   2
     24973    0   2
     22597    2   1
     22342    1   2
    201207    0   1
     53684    0   1
      2539    0   1
      1096    0   1
       634    0   1
     22681    0   1
    108434    0   1
    205423    1   0
     23571    0   4
    204398    0   1
     27499    1   0
      1685    0   1
     22742    0   4
     32037    1   2
     38620    0   1
        49    0   1
    201448    0   1
    106776    0   1
     59154    1   4
    199229    0   1
      1808    0   1
     53145    0   4
     54781    1   4
     31104    2   4
     33173    0   1
    194830    0   1
     24913    0   2
     59518    0   1
     33395    0   2
     53823    1   4
    202451    0   1
    203944    0   1
     35990    1   0
     38609    0   1
     39856    0   1
