    149722    3   4
    203663    3   0
    106935    4   0
    153018    4   2
    192663    4   0
    199614    4   0
     35858    2   0
     39335    3   0
    160503    1   2
    156009    3   4
    196967    2   1
    201128    2   1
    146884    2   3
     80165    0   2
    197399    4   0
    199510    1   0
    144098    4   3
     75100    3   1
     52660    1   3
    204698    0   1
    154723    4   3
    180826    4   2
    142772    4   3
     25820    0   3
    158321    0   3
    203458    0   3
    162478    3   4
     74536    2   1
    204668    2   1
    210833    4   0
    149499    3   4
    154348    3   4
    202791    2   1
    150043    3   4
    144979    3   4
    164462    3   4
    194542    3   0
    200905    3   0
     35974    4   0
    200252    3   0
    165624    3   4
    221013    3   2
     38431    4   2
    210881    4   0
    200725    4   0
    160338    3   4
     65139    1   3
    157930    2   4
    149965    3   4
    193859    2   0
     45155    4   0
    176001    3   2
     57337    1   3
    221073    2   1
     77485    1   2
     55834    3   4
    158153    3   4
    199219    0   3
    198276    4   2
    209517    0   2
    211191    4   0
     39952    0   4
    168390    1   2
    194325    3   0
     24750    1   3
    212284    2   0
    141920    4   3
    197015    3   0
     43031    2   1
    206819    1   2
    167032    4   3
    146856    3   4
    201794    2   0
     35529    2   1
    195614    1   2
    202854    3   0
    147984    3   4
    145655    4   3
     38978    3   0
    145664    0   4
    167289    4   3
     41380    3   0
     25355    1   2
    159613    3   4
     76905    3   1
    203809    2   1
    203138    3   0
    140936    4   3
    210662    3   0
     74585    3   2
    161285    3   4
    154476    0   4
     81352    2   1
     82957    2   1
    199729    0   3
    212806    0   4
    211563    3   0
    151051    3   4
    160234    3   4
     80741    3   0
    194837    1   2
    165794    3   4
    211764    0   2
    152383    2   4
    211806    4   0
    221907    3   0
     47908    0   2
    199355    0   3
     43793    2   0
    140273    3   4
    161233    0   4
     53191    1   3
    195964    1   0
    159133    4   3
    144519    4   3
     37111    2   0
     44689    3   0
     24244    0   3
    212564    3   0
     77381    4   3
     62713    1   3
     78158    3   0
    200033    1   0
    198069    2   0
    141170    3   4
    165291    3   4
    151083    4   3
    222127    0   3
     42886    3   0
    154777    4   2
    211267    0   4
    150965    4   3
     76824    1   2
    152023    0   4
    157884    3   4
     42861    0   3
    141352    4   3
    144806    3   4
    156612    3   4
     42164    0   3
    159586    4   3
    163484    3   4
    145982    2   3
    144141    3   4
     76571    0   2
    204957    3   0
    156263    3   4
    158358    2   4
    211848    0   3
    147928    2   3
     24082    3   1
    197961    3   0
    145836    3   4
    167031    3   4
    154614    4   3
    152364    4   3
    141567    4   3
    203602    1   2
    211732    2   1
     41044    2   3
    167522    2   1
    222323    2   3
    210036    4   0
     34940    2   1
     24245    1   3
    149046    3   4
     34982    4   0
    144084    3   4
    193705    3   0
    198373    4   0
    159468    3   4
    198971    2   1
    206292    1   2
    223041    0   3
     37752    4   0
    210342    0   4
     44828    1   2
     43732    4   0
    200338    0   1
     77036    1   2
     40762    1   2
    199184    0   3
    146542    3   4
     41647    0   2
    196173    2   1
    143767    4   2
    221725    0   3
    222994    1   3
     81802    3   0
    164140    3   4
    143405    3   4
     20220    0   2
    143854    3   4
    142799    3   4
    156019    0   4
    104495    1   3
    202742    1   2
    204338    4   0
     37794    4   0
    141762    4   3
    166422    4   2
     79637    1   2
     36950    4   0
    205347    0   3
    213214    3   0
    140405    0   4
     80938    0   3
     47173    4   2
    157676    4   3
    200664    0   3
    221922    3   0
    209755    2   0
     36123    3   0
    212166    4   0
    157550    3   2
    163312    4   3
    185367    4   3
    153245    4   3
     34068    0   3
    155957    3   4
    143796    4   3
    160596    0   4
    209749    4   0
    194567    4   0
    195598    3   0
    162485    4   3
      1956    0   3
     75697    2   1
    150477    4   2
    148745    3   4
     30271    1   3
    198792    2   4
    201231    2   0
    200080    4   0
    162452    4   0
     41019    0   2
    153719    3   4
    211767    1   2
    173069    4   2
    212420    2   0
    152932    3   4
    221268    1   3
     43017    3   0
    156003    4   3
    206097    3   0
    147950    3   4
    158761    3   4
    212002    0   3
    146955    3   4
     80416    0   3
    165855    3   4
    145617    4   3
    150168    2   4
    146596    3   4
     22080    2   3
    165055    4   2
    222858    0   3
    212550    4   0
     76393    3   1
     30529    0   3
    212534    2   1
    142853    3   2
     26016    1   2
    196504    4   2
    163331    4   3
     35987    0   2
    221216    3   1
       579    1   2
    161705    3   4
     81153    0   2
    146585    0   3
    158102    3   2
    149673    3   4
     75865    0   3
    222782    2   1
    222350    3   0
     38533    2   0
    195493    3   0
    154203    4   2
    222324    2   1
    149811    4   3
    212641    0   4
    154346    3   4
     35889    3   0
    163715    4   0
     83348    2   1
    148768    3   4
    200013    3   0
    160820    3   4
     37664    2   0
    194253    0   3
    141350    3   4
    146684    4   3
    146049    4   0
    145756    4   3
    150861    3   4
    205397    1   2
    195859    3   0
    209552    4   0
     37546    4   0
    154296    0   4
    199049    1   2
    202636    4   2
    209001    2   1
    201494    3   0
    206159    1   2
    210181    3   0
     41095    2   3
    220846    1   2
    212909    1   2
     76101    2   1
    107414    0   3
     34194    3   2
    204839    1   2
    222312    0   3
    156115    3   4
    151046    1   2
     77035    0   1
    151212    4   3
     36134    0   2
     35866    1   2
    221445    2   1
    146687    3   4
    221376    2   1
    221733    2   1
    155445    4   3
    163100    4   3
    157507    4   3
    106093    1   2
     80387    2   0
    151451    3   4
     74990    2   1
     44591    4   0
    162037    3   4
    211278    2   0
    212163    4   0
    160299    3   4
    147038    3   4
     43115    0   4
    211255    3   0
    143745    3   4
    144988    4   3
    156919    3   4
     34871    0   3
    160335    4   0
    198604    3   0
    152400    4   3
     37943    4   0
     74326    1   2
    140826    3   4
    152911    3   4
    184810    3   2
     38289    4   0
    155750    2   4
     78496    1   2
    221508    3   1
    200395    3   0
     38022    0   1
    195786    3   0
    198826    2   1
    209806    3   0
    213497    4   0
    142921    4   3
    157036    4   3
     41214    3   2
    161113    4   3
    200154    1   2
    144833    4   3
    211378    4   0
     37531    0   2
    200426    3   0
    210968    0   4
     60863    2   3
     82958    1   2
     41631    0   1
    150693    3   4
    203222    2   1
    148271    3   4
    212165    2   1
    201921    3   0
    141666    4   3
    144697    1   3
     38806    0   4
    203064    0   1
    198608    3   0
    209987    3   0
     83564    1   2
    140562    3   4
     44455    1   2
    156895    4   3
    148568    2   4
     47730    3   0
    211488    4   2
     79194    1   2
    167277    4   0
     38958    0   3
     37981    0   4
    152747    4   3
    157488    4   3
    145773    3   4
    150516    3   4
    203311    3   0
     36675    0   3
    195675    2   1
    148644    0   3
    147779    4   2
     79604    2   1
    166219    0   3
     43348    3   0
    201872    2   0
     35281    4   3
     34138    4   0
     76497    2   1
    197949    0   3
    220951    0   3
    165979    3   4
     34130    2   1
    166255    4   3
    143105    2   4
     35622    1   2
    194691    1   2
     37561    2   1
    193858    3   0
     39900    3   0
    213399    4   0
     38510    4   3
    197656    3   0
    197270    0   4
     84402    2   1
    149724    3   4
     19388    1   3
    144551    0   4
    153115    4   2
    211432    0   4
    159275    2   3
     20570    3   1
    198214    4   0
    196104    3   0
    156283    3   4
     46665    0   2
     34908    0   3
    140437    3   4
    189102    3   2
    150647    3   4
    220863    3   0
    211542    3   0
    153800    3   4
    149963    3   4
     37647    0   2
    212732    0   2
    195124    1   0
    153527    4   3
    201093    4   0
      1869    2   1
    146376    4   2
    142008    4   3
    163008    3   4
    140753    4   3
    166406    3   4
    204901    0   3
    161536    0   4
    210089    3   0
    151378    3   4
    147794    3   4
    141215    4   0
     38211    0   4
    164490    3   4
    166202    3   4
     76924    0   1
    151775    2   4
    205637    2   1
    151409    3   4
    197700    3   0
    154700    3   4
     36254    0   3
     20910    0   3
    152166    4   2
    162930    4   3
    180117    1   2
    150487    3   4
    151482    4   3
     41562    1   2
     74552    0   3
    198429    2   0
    141186    3   4
    209834    0   4
     37028    0   4
    221147    2   1
    200709    0   3
    222479    3   0
    213482    0   2
    200846    1   2
    146385    2   4
    147918    4   0
    212040    4   0
     35174    4   0
    209585    4   0
    213273    3   0
    222367    2   1
    213049    3   0
     78804    1   2
    156767    4   2
    143151    3   4
    210986    0   3
    193776    2   0
    198747    3   0
     36654    1   2
    198920    0   1
    161190    4   3
    154062    3   4
    149662    3   4
    154800    4   2
    144772    3   4
     44223    1   2
    152153    3   4
    161419    3   4
    164149    3   4
    149973    4   3
     21664    1   3
    140984    3   4
    201992    3   0
    221595    3   0
    195548    0   1
     35228    1   2
    148612    4   3
     38362    0   3
    158540    3   4
    203642    1   0
     74334    0   3
     83400    1   2
    141233    4   3
    156458    3   4
    140024    3   4
     81691    1   2
     75536    1   0
    144173    3   4
    150320    2   3
    200940    3   0
    206365    2   0
     41944    2   0
     76890    2   0
     37512    1   2
     36324    1   2
    165944    3   4
     78781    1   2
     36726    0   1
     21056    0   3
    210016    3   0
    146842    4   3
    171291    1   2
     79025    0   1
    202778    0   3
    162047    3   4
     36122    0   3
    209623    2   4
     80140    4   2
    199308    2   0
    142312    3   4
    142536    3   4
    195699    3   0
    203518    2   1
    148019    4   3
     42043    0   2
    198306    3   0
    194686    2   0
    104658    0   3
    196416    2   0
     81243    1   2
    201810    0   3
    213268    3   0
    161041    3   4
     82754    0   3
     46171    1   2
    206110    3   0
    211428    3   0
    140183    3   4
    161264    3   4
    154639    4   3
    146880    4   0
    209506    0   3
    210068    3   0
    143694    4   3
     39714    2   1
    155632    3   4
     20913    3   1
     74943    0   2
      2084    1   2
    213427    0   3
    165119    3   4
    158967    4   3
    141931    2   3
    204943    3   0
      1797    3   2
    160715    3   4
    197325    2   1
    198416    3   0
    152665    3   4
    146533    3   4
    203485    1   2
    195006    2   0
    206573    3   0
    142188    3   4
    196937    0   1
    140746    3   4
    204847    0   3
     36564    0   3
    205466    3   0
     20127    3   1
     38374    2   1
    198979    2   0
     24334    2   1
    146726    3   4
     24207    2   3
     36544    3   0
     65971    1   3
      7071    2   1
    144911    3   4
     27356    1   4
     39587    1   2
    212476    2   0
    143628    4   3
    164706    4   3
    161601    3   4
    155777    4   3
    155947    4   3
    202570    1   2
     83088    0   3
    156990    3   4
     76175    4   0
    222060    1   3
     37992    4   0
     78630    2   1
    105531    1   3
     36500    4   2
    150216    3   4
    143573    3   4
    156654    3   4
    104947    3   2
    204944    1   2
    149727    4   3
    156031    0   3
    165770    3   4
     23622    0   3
    147711    3   4
    201507    4   2
     75707    2   1
    156855    3   4
    222646    0   3
    162283    4   0
    152437    3   4
     41310    1   2
     45630    3   0
     46959    1   2
    165223    3   4
    152940    3   4
    145735    3   4
     47577    0   2
     37895    4   0
    150469    4   3
     78271    2   0
    164066    3   4
    153895    0   4
    209688    2   0
    159723    3   4
    146193    4   3
    141009    1   2
    169619    4   3
    199580    3   0
    213248    3   0
     39566    0   1
     47157    1   2
    211293    4   0
    156323    3   4
    221575    3   1
    143002    3   4
    169270    3   2
     51656    1   3
     22368    1   3
    158547    3   4
    221004    1   2
     44088    0   3
    210701    4   2
     79063    0   3
    163724    3   4
     79698    3   0
    212425    4   0
    160083    3   4
    221419    3   0
     42184    4   2
    198956    1   2
    156854    3   4
    140491    2   4
    220869    3   0
    152536    3   4
     84633    2   1
     46108    4   0
    156986    4   2
    158248    3   4
    140281    4   3
    150716    3   4
    158456    3   4
     43976    2   1
    160227    3   4
    141401    4   3
    159975    3   2
     81194    0   1
    221696    3   0
    151672    4   2
     83013    4   2
    203661    2   1
     35010    2   1
    199133    2   1
    147117    4   3
    155551    4   3
    212196    3   0
    200314    0   3
    196698    4   2
    211530    0   4
    213069    0   2
    155447    3   4
    155517    3   4
    204167    4   3
      7114    3   1
    210283    4   0
    221373    2   3
    143009    2   3
     25570    0   3
    164067    2   4
     42391    1   2
    209569    0   4
     76067    0   3
    209621    2   4
    221123    0   3
     33085    0   3
    198383    0   3
    195138    2   0
    197376    3   0
    222015    3   0
    203333    4   2
    141327    3   4
    143391    3   4
    151826    3   4
    222105    2   1
     61511    1   3
    221681    2   3
    196083    1   0
    148067    4   3
    147504    4   2
    211857    4   0
    155973    3   4
    145486    4   3
    153639    4   3
     19865    0   3
    169410    4   2
    202466    3   0
    198034    0   3
    166989    3   4
     35115    4   0
     42073    2   1
    222183    0   3
    141011    3   4
    167473    1   2
    148823    4   3
     76898    3   1
     33930    0   3
    158572    3   4
    147556    3   4
    213509    4   0
     40426    1   2
    205386    4   0
    198064    3   0
    157419    3   4
    146983    3   4
    210085    4   2
    146481    4   2
    145402    4   2
    194821    2   1
     42353    0   2
    165147    4   3
    157316    3   4
    211032    2   1
    222108    0   1
     81564    3   1
     34870    4   0
    213160    2   0
    155111    3   4
    213147    4   0
    141593    3   4
    190791    4   3
    209532    4   2
    202957    3   0
    223029    2   3
    180326    4   3
    176389    3   2
     43027    0   2
    211313    0   3
    206233    0   3
    161137    4   3
    197544    2   0
    166611    3   4
     20070    0   3
    201210    3   0
    199211    1   2
     34338    4   0
    155560    4   0
    149291    3   4
    194072    3   0
    152958    3   4
    211855    4   0
    199820    0   3
    175247    2   1
    165860    0   3
    213206    3   0
    171404    2   1
     74842    3   0
    141563    4   3
    206015    2   0
    221070    3   0
    195335    0   3
    166834    0   4
    211820    3   0
    209546    0   3
    154565    3   4
    181274    3   2
    147241    3   4
    152761    4   3
    143928    3   4
    220822    3   0
    163057    0   4
     35449    2   0
    210540    4   2
    220982    1   3
    203339    2   0
    157907    4   3
    210953    4   0
    161704    3   4
    206344    2   0
     24197    2   1
    161549    3   4
    222337    0   3
    154645    2   4
    204779    3   0
    161124    3   4
     44683    3   0
    158731    2   4
     35881    0   2
     39229    4   2
    156336    4   3
    161297    3   4
    195381    0   3
    173554    4   3
     43914    1   2
    211242    2   1
     43256    2   1
    148215    3   4
    198872    1   2
     41004    1   2
     23836    0   3
    163537    3   4
    208965    2   1
    151999    3   4
    204831    2   1
    209965    1   2
    143093    3   4
    141308    3   4
     76832    1   2
     74473    0   2
    140916    4   3
    162432    3   4
    142729    3   4
     56816    2   3
    159327    3   4
    202436    4   2
    142285    3   4
     39156    4   0
    210686    3   0
      6302    3   1
    152460    4   3
    160143    1   2
    163116    4   3
    105257    1   2
     24172    1   3
    148720    2   3
    203477    1   2
    144464    3   4
    160094    3   4
     77647    2   0
     78741    2   0
     46997    4   2
    222682    3   0
     78800    1   2
     76344    0   3
     39236    0   3
    150485    3   4
     38228    0   1
     22704    1   3
    220848    0   3
    151154    3   4
    210902    1   0
    140868    4   0
    165585    4   2
    176373    1   2
    141430    3   4
    212320    0   2
    161368    3   4
     41850    3   0
    221126    2   0
    211983    1   2
    203638    3   0
     74565    0   2
     76264    1   2
    209567    4   2
    209907    4   2
     74364    1   2
     76229    2   1
     43029    3   0
     34647    0   3
    193895    2   0
    141659    3   4
    202181    3   0
    144032    4   0
    196170    2   0
    146738    0   4
    212694    4   0
     74463    2   1
    204457    3   0
    207532    4   2
    197612    4   2
    154972    3   4
    154527    0   3
    107411    2   3
    204671    1   0
     38255    0   2
     34981    0   2
     38835    1   0
    143797    4   0
    155253    3   4
    199210    4   0
     35642    2   0
     39699    2   1
    204936    2   0
    221194    3   0
    140789    3   4
    144512    0   2
     40394    0   2
    198442    3   0
    153123    3   4
    152042    3   4
    149606    4   3
    156560    4   3
    212712    2   1
    210777    2   0
     35472    1   2
    163603    1   2
    180632    4   3
    193976    3   0
    209700    3   0
    150855    4   3
    153600    3   4
    198631    0   3
    158092    3   4
    156568    3   4
     20453    0   3
     76215    3   0
    148740    3   4
     78577    1   2
     31791    2   1
     45849    0   2
    145275    0   2
     38576    2   1
    146381    3   4
    200704    3   0
    161933    4   3
    167012    3   4
    194512    2   0
    212747    4   0
    201836    3   0
    210345    0   3
    151878    4   3
    212061    2   0
    157811    3   4
    222102    1   3
    195850    3   0
     74947    2   1
    150111    3   4
     79258    1   2
    162160    3   4
    145371    4   3
    202319    3   0
     43059    2   0
    140272    3   4
     82990    1   2
     45420    0   2
     41571    4   0
    146101    3   4
    207920    4   2
    160947    3   4
    141528    4   2
    149260    3   4
     23453    1   3
    151574    4   2
    212305    4   0
    199087    2   0
     34297    3   0
     75159    2   1
    152815    4   3
    160303    3   4
    201206    3   0
    154793    3   4
    144243    3   4
    201048    0   2
    212702    4   0
    157017    3   4
     22793    0   3
    199637    3   0
    162011    3   4
    145273    4   2
    205719    3   0
    146582    3   4
    221064    3   0
    158644    3   4
     45435    0   2
    222884    2   1
     37384    0   2
    151089    3   4
     35739    1   2
    194729    3   0
    184051    3   2
    197446    4   0
    213138    4   0
    198085    0   3
     43950    3   0
    160807    3   4
     83397    0   3
    203051    0   3
    145328    4   3
    222505    0   3
    165083    4   3
     37722    0   2
     29357    1   3
    222990    0   1
    166970    2   4
    206660    3   0
    194786    4   2
    142773    4   3
     34460    2   0
    196859    1   2
    184083    1   2
    160350    0   3
     80711    2   1
     21094    2   1
     33957    2   1
    153979    4   3
    206167    1   2
    161102    4   3
    188838    2   1
     76201    1   2
     47734    0   3
    159493    3   4
     84264    2   1
     40932    1   2
     66293    3   0
    154644    4   3
    211556    4   0
    185729    4   2
    210585    4   0
    221666    2   1
     22426    3   1
    222092    0   3
    163221    3   4
    200060    0   3
    196747    0   3
     34708    2   1
      2307    1   2
     83837    0   2
    209739    4   3
    157323    3   4
      3671    1   3
     34879    4   2
    158419    3   0
    199051    4   2
    151922    3   4
     39046    0   3
    146416    4   3
    178511    4   2
    162627    3   4
    199422    2   1
    221270    2   1
    166788    3   4
    150210    2   4
      1143    3   2
     42383    4   0
     81438    2   1
     34142    0   2
    146611    3   4
     76339    1   2
     60346    1   3
     78869    1   2
    210260    2   1
    150645    3   4
    198173    4   0
    151923    4   3
     37885    2   1
     38135    0   2
    203886    3   0
     36721    2   0
    151716    2   3
    141080    4   3
    141145    4   2
    148593    4   3
     34434    4   0
     35965    3   2
    162098    2   4
     34466    0   3
    165603    3   4
    211787    1   3
    221563    3   0
     43157    3   0
    144368    4   3
    166152    3   4
    221720    2   1
    144448    3   4
     80651    4   0
    151187    4   3
     36898    2   0
    162363    0   3
    222118    1   0
    104943    0   3
    200302    1   2
    220853    1   2
    204438    0   3
    150255    3   4
    194038    2   1
    146911    3   4
     40300    1   2
    221277    2   1
    221603    2   1
    182409    1   2
     35200    1   2
    140719    4   3
    195047    0   2
    141868    3   4
    165615    3   4
    205973    2   0
    212150    3   0
    154021    3   4
    194296    3   0
    212448    0   3
     75888    1   2
     77831    1   2
    141719    4   3
    196070    3   0
    166165    3   4
    212579    0   4
     44071    0   3
    146660    3   4
    154081    4   3
    203635    3   0
     26379    0   3
     74276    3   0
    159827    4   3
    200012    0   3
     25173    0   3
    203377    3   0
     35973    4   0
    203793    3   0
    154232    4   2
     44574    0   1
     38316    1   2
    221168    0   1
    157750    3   4
    163493    3   4
    160440    4   2
    164928    4   3
     37104    2   1
     42126    3   0
     78943    0   3
    202401    0   2
     45301    2   1
    210911    3   0
    210970    4   0
    212852    0   3
    142777    3   4
    212388    3   0
    222123    3   0
    147382    3   4
     75876    0   1
    206017    3   0
    164401    4   0
    204596    4   2
    200695    0   3
    149375    4   3
    141791    3   4
    146271    2   3
    167127    3   4
     37969    0   3
     40960    1   2
    210047    4   0
    203086    4   3
    153404    3   4
    205174    3   0
     36006    4   0
     54290    0   3
    213104    0   3
    201212    3   0
    165674    4   3
     45436    3   0
    200469    1   2
    140554    3   4
    221479    1   3
    190076    2   3
    205256    2   0
    158167    3   4
    209756    4   0
    140819    4   3
     21728    2   1
    195193    3   0
    222387    3   0
    156155    4   3
    160946    0   4
     77179    1   2
     42319    2   0
    201241    2   0
    195926    0   3
    154004    3   4
     45766    4   0
     75353    0   3
    205993    2   0
    142965    3   4
    189180    3   2
    157056    4   3
    161778    4   3
     27194    2   3
    161461    2   3
    165898    0   3
    165249    4   3
    209729    4   0
     35760    2   1
    221775    1   3
    195856    1   2
    151552    3   4
    160130    3   4
     36259    0   3
    162928    4   0
    156347    2   4
    143999    3   4
    206600    0   3
    195831    3   0
     74178    2   1
    212615    0   2
     33897    4   0
     55825    1   3
    151064    3   4
     42745    1   2
    221185    0   3
    222953    3   2
    194449    1   2
    202386    3   0
    157938    3   4
    142027    0   3
    163827    3   4
    142506    0   4
     22092    0   3
     37727    0   3
     36237    3   0
    212236    4   2
     75848    0   3
    151210    0   4
    164193    2   4
    208999    2   1
    196015    1   2
    222047    2   1
    149280    3   4
    196105    4   0
    146559    3   4
    166310    3   4
     34074    1   2
     42557    2   0
    205334    3   0
    157044    3   4
    146214    4   3
    222233    0   3
     81056    2   1
    196493    2   0
     76507    1   2
    141708    3   4
     36052    2   1
    145125    3   4
    222457    0   3
    148546    4   3
    181183    4   3
    201282    3   0
    201824    3   0
     45553    0   2
    152546    3   4
     44378    4   2
    152509    0   4
    222729    2   1
    149248    2   4
     41826    2   1
     20614    0   3
     34108    1   2
    153556    3   4
    148446    3   4
     35121    1   2
     39271    0   2
    198677    2   1
    142592    3   4
     38395    0   3
     74453    3   0
    213175    1   2
    143295    4   3
    143346    3   4
     41232    3   4
    212643    0   2
    199499    0   3
    210338    1   2
    161107    3   4
    206678    3   0
    222593    0   3
    221641    0   1
    185001    3   2
    154548    3   4
    142499    4   3
    151391    0   3
    198269    3   0
     34385    0   3
    181307    4   2
    206076    3   0
    140153    4   3
     34696    2   1
    210346    0   3
    205002    4   0
    154967    3   4
    159199    3   4
    149188    4   0
     42448    2   1
    105004    3   2
    176713    2   3
      3521    2   1
    144811    0   4
    142945    3   4
    142356    4   3
    151565    4   3
     29984    2   1
     76164    2   1
    211759    1   3
    212637    2   0
    210434    2   3
     34253    0   3
    206071    0   3
    146413    3   4
    180602    3   2
     46245    0   3
    221636    2   0
    211071    3   0
    211558    3   1
    201798    2   0
    210251    4   3
    147756    3   2
    206267    0   3
    155924    4   3
    145360    4   3
     76828    1   2
    221926    0   3
     38685    0   3
    221910    0   3
    212135    0   3
    146700    2   4
    223052    2   1
     43183    4   0
     77062    2   1
    155165    2   4
    196957    4   2
     35249    3   0
    155065    2   3
     31616    1   2
    146334    4   3
     77386    2   1
    213496    0   4
     41125    0   3
    222549    2   1
    213170    2   1
    212032    4   2
    165203    3   4
    210382    3   0
    166751    3   4
    205251    3   0
     42359    0   2
    222036    3   0
    153285    3   4
     43744    2   0
    145249    3   4
     77579    0   3
    147307    0   3
    150490    3   4
    197049    3   0
     77101    2   1
    177783    4   3
    142178    3   4
    202232    3   0
    201898    4   0
    206718    3   0
    155908    4   3
     80124    1   2
    206650    0   3
    163572    3   4
    199050    2   0
    162850    3   4
    212110    0   4
    163908    3   4
    147121    3   4
    223014    0   3
    193826    2   1
    196990    3   0
    222754    1   3
    211356    3   0
     47763    1   2
    141938    4   3
    200588    3   0
    156701    4   0
    165195    3   4
     37296    1   2
     37516    3   0
    150115    3   4
    212411    4   0
    161828    4   0
    195566    2   4
    212098    3   0
    200106    3   0
    166389    4   2
     34551    1   3
    149985    4   3
    157587    3   4
     78378    2   1
     77373    2   1
    162628    0   4
    196877    1   2
    156002    3   4
     36919    3   1
    197258    3   0
    141023    3   4
     37385    2   1
     47080    0   2
    160793    3   4
    212249    0   4
    151356    3   4
     23122    3   1
    202667    3   0
    148229    4   3
    196948    2   1
    144705    3   4
    199995    3   0
    205149    2   1
     76253    0   3
    154031    3   4
    143715    0   3
    107314    0   2
    156505    4   0
    211051    3   4
    211153    2   1
    196018    3   0
    146715    4   3
    143019    4   3
    147533    1   4
    160731    3   4
    161348    0   4
     41023    4   0
    165638    4   3
    205230    0   3
    211638    3   2
    209745    4   2
    145493    3   4
    104162    1   2
    211957    0   3
    203447    4   0
    204941    2   1
    198255    2   1
     42112    1   3
     34986    3   0
    147776    4   0
    149125    3   4
     24486    0   3
    213452    4   0
    149112    4   3
     37440    3   0
    143916    4   0
    221798    2   0
     39853    0   3
    155789    4   3
    147931    4   3
    222664    3   0
    151107    2   4
    173431    4   2
    222719    3   0
    153943    3   4
     80636    2   1
     44463    3   0
     34173    2   1
    158876    3   4
     22023    2   1
    209837    4   0
    144391    4   3
    195331    3   0
    155720    3   4
    198969    1   2
     28623    1   3
    155365    4   3
    148387    3   4
     35509    3   0
    203827    2   0
    194075    4   0
     24698    1   2
    163334    4   3
    150345    4   3
    222492    2   3
     78205    2   1
    175337    2   1
      3523    1   2
     26616    1   3
    143091    3   4
     75925    4   2
    195521    1   2
    210291    4   0
    221160    3   1
    145659    3   4
    143255    3   4
    142053    3   4
     79275    1   2
     38315    3   0
    151209    3   4
    148109    3   4
     80610    0   1
    144318    4   3
     35092    3   0
    142860    3   4
    194867    3   0
    107161    0   2
    212738    3   0
    201629    3   0
    222723    0   3
    155387    4   3
    163189    3   4
    202254    0   3
    197182    2   1
    196628    2   0
     41665    3   0
    151990    3   4
    206645    3   0
    158917    3   4
     40697    2   0
     35616    1   2
     78699    2   0
     38712    1   2
     35782    0   3
    165542    3   4
    210613    0   4
    149216    4   3
     84640    2   1
    161844    4   0
    142637    4   3
    211597    0   3
    106417    3   2
    142983    4   2
    165631    3   4
    196929    4   0
    157913    3   4
    221860    3   0
    193801    3   0
     46786    0   3
     34300    4   0
    148805    2   4
    203966    3   0
     74492    2   1
     75174    2   0
    211532    3   1
    141906    3   4
    143758    3   4
    160357    4   0
    222275    3   0
    144923    2   3
     38390    3   0
     61817    2   3
    149770    3   4
    159451    3   4
    222886    2   1
    153869    4   3
     43424    2   4
     41244    0   2
    158915    4   0
    200371    1   2
     34299    1   2
    198568    2   0
    142651    3   4
     53652    1   3
    220892    2   1
     41779    3   0
    181458    3   2
     23033    1   2
    210535    4   0
     77977    1   2
    145747    0   4
    151286    4   2
     40575    0   3
    198078    4   2
    196341    4   0
    140060    2   3
    140025    4   3
    144018    3   4
     23251    2   3
    199596    3   0
    150901    3   4
    166486    3   4
     24358    0   3
    147460    3   4
    206763    2   0
     30540    1   3
     82903    1   2
    211967    0   3
     64945    1   3
     36584    1   2
    151783    0   3
    221391    2   1
    172652    3   1
     39447    0   3
    168692    4   3
    148038    3   4
    198343    0   2
     24895    1   3
    159734    3   4
    211859    3   0
    220930    3   0
      2379    0   3
    195630    3   0
    178013    2   1
    206656    1   0
     44404    0   2
     45071    4   2
    196091    4   0
     75521    3   1
     22549    1   2
     22653    2   1
    222508    1   3
    202229    4   0
    195645    1   2
    196777    2   0
     34706    3   0
     39044    0   3
     27370    0   3
     38208    4   0
     19570    0   3
    152807    3   4
     76554    4   2
    151998    4   0
     32632    0   3
    209692    3   0
     34488    1   2
    194999    1   0
    171989    1   2
     35237    0   3
    159834    3   4
     78171    3   0
    163279    3   4
     78283    1   2
    154736    3   2
    222089    2   3
    147564    4   3
    164987    0   4
    141836    4   3
    146010    3   4
    147451    2   4
     38227    2   1
    211861    4   2
    206687    3   0
    168561    4   2
    149150    3   4
     20482    2   1
    151118    4   3
    156515    4   0
     37496    0   3
    143559    4   3
     76697    3   0
     46675    3   0
    161800    3   4
    150797    4   3
     26674    0   2
    222196    2   0
    195121    4   0
    198860    0   3
     77362    1   2
     26225    2   1
    209898    4   0
     34530    3   2
    144851    3   4
    151794    4   3
     42282    0   3
    200926    2   1
    198801    4   0
    209608    0   2
    211809    2   0
    141862    4   3
    221030    0   3
    213013    0   2
    210866    2   4
    155113    0   4
    183791    4   3
    165408    3   4
    203609    4   2
    210331    0   4
    148738    3   4
    144364    3   4
    151227    3   4
     51811    1   3
    159430    3   4
     82348    1   2
    211186    0   4
     81932    2   1
     76173    0   3
    196197    4   0
    202660    2   1
    140204    3   4
    146070    2   0
    210991    0   1
    221334    3   0
    222873    1   2
    150733    4   3
     75666    3   0
     37000    3   0
    161272    4   3
    108162    1   2
    195322    4   0
     34036    4   2
    158059    4   3
    157167    3   4
    211384    0   4
    163825    4   2
    204920    2   0
    209530    4   0
    220919    2   0
    212720    3   0
    154250    3   4
    162736    3   4
    202022    3   0
     38451    0   3
    220833    3   0
     37356    1   2
    148025    3   4
    156264    3   4
     46787    2   0
     40704    0   2
    148716    3   4
       385    3   2
    153103    2   4
    221444    0   3
    159861    4   3
    140895    3   4
    149180    4   0
     38495    1   2
    141854    4   3
     20302    1   2
    211932    1   2
    166823    3   4
    200566    2   0
    204029    1   2
     47764    2   1
    201556    3   0
    161141    4   0
     82154    2   1
    211144    2   3
    156823    4   0
    156037    3   4
    166098    4   3
    160134    4   2
     38212    1   2
    221067    3   0
    146075    0   4
     40746    1   2
    222647    3   2
    223089    3   0
    155079    4   3
     41440    3   0
     74415    3   1
    141934    4   3
     76971    2   1
    141323    3   4
    160444    3   2
    158961    3   4
     42128    4   2
     76400    3   1
    140994    3   4
    143420    3   4
    105927    1   2
     45317    0   3
     36904    1   2
     37245    3   0
    144531    3   4
    153744    4   2
     24684    1   3
    212896    3   0
     38580    4   3
     64651    2   3
    222523    3   0
    143771    4   0
    156252    3   4
    140267    4   3
    174589    3   2
    172367    2   1
    159454    0   3
    140268    3   4
    194902    0   3
     52054    1   3
    155392    4   0
    210197    0   3
     35673    2   1
    209544    4   0
    167307    3   4
    198651    3   0
     38811    3   0
    195729    2   1
    145152    3   4
     35133    4   0
    221855    3   0
    148962    3   4
     44522    4   2
    221661    0   3
    157985    2   3
    162676    3   4
    157412    4   2
     46250    2   1
    161605    1   2
    203520    3   0
    140876    0   4
    222302    3   0
    198464    3   0
    142634    4   3
    221921    0   3
    221742    3   0
     78745    1   0
     21471    2   3
    212253    2   4
    221009    0   3
    223002    1   3
     44253    3   0
     77411    1   3
    153685    4   2
    201727    3   0
    158968    3   4
    211030    4   3
    200726    3   0
    164009    4   3
    221883    3   0
    199505    0   2
    160740    3   4
    141672    3   4
    142427    3   4
    221983    0   3
    222631    2   1
     34544    4   2
    211240    4   2
    198476    2   1
    159939    4   3
     20545    2   1
    168852    3   2
    179323    3   2
     22909    3   1
    143061    4   3
     36572    1   2
    147181    3   4
     74612    2   1
    211578    3   0
    151524    2   4
    152931    2   4
    221848    3   0
    153723    0   4
     55635    3   0
    143254    3   4
    158190    4   3
    221413    3   0
     78142    2   1
    197159    2   1
     35377    1   2
    212905    0   4
    194854    1   0
    193739    2   1
    222237    0   3
    160458    3   4
     40830    2   1
    204757    3   0
    222827    1   2
     45852    0   2
    209763    0   4
     41199    2   3
     41969    0   3
     44752    2   0
    151568    3   4
     38032    0   2
    211614    2   1
    210537    0   4
    222716    2   1
    152056    3   4
    221876    0   3
    168570    4   2
    203172    1   2
    166610    3   4
    163937    0   4
     34018    2   1
    165366    3   4
    163212    3   4
    210887    3   0
     40214    2   1
    168953    3   2
    164799    4   3
     74427    4   2
    203207    3   0
    155851    2   4
     37335    4   0
     51534    3   1
    144556    4   3
    213079    2   1
    203183    1   2
    211121    0   3
     22141    3   0
    203507    0   3
    220867    3   0
    200150    2   1
     39126    1   2
    211746    0   4
    141039    0   4
    187547    4   3
    211646    0   4
    210696    4   2
    148465    0   3
    150792    4   2
     84328    0   1
    221730    1   2
     20190    1   2
    193905    4   0
     34312    1   2
     74408    2   1
     37635    2   1
     22210    3   1
    221973    3   1
    140424    4   3
    210092    3   0
    212108    4   0
    198365    3   0
    209707    4   3
    209699    2   4
    198089    3   0
    155832    3   4
    145565    3   4
    210393    4   0
    143334    4   3
    158081    3   4
    222201    1   2
    140081    3   4
    200531    3   0
    151800    3   4
    210246    4   0
    212019    3   0
     46341    0   3
     75136    3   0
    148985    3   4
     74205    2   1
     37581    4   0
    143265    0   3
     34151    3   0
    221272    0   3
    222476    3   0
    221689    2   0
    159796    3   4
     45865    4   0
    199575    1   2
    222317    3   0
    104582    1   3
    202064    3   0
    212031    3   0
    222463    1   3
    188866    1   2
    166357    3   4
    221857    3   0
    141309    3   4
     35777    1   3
    211790    4   0
    142597    4   3
     42633    4   0
     36621    0   3
    203856    3   0
    222298    0   3
    166113    2   3
    151860    3   4
    163096    4   2
     35440    3   0
     74889    0   3
    154675    4   3
    222230    0   3
    199129    0   3
    201042    0   3
    147188    3   4
    198105    4   2
    222003    0   3
     47278    3   0
    202327    0   1
    172193    3   2
    196389    1   0
     37884    0   3
    202296    1   2
    202214    3   0
     34024    4   0
     59291    1   3
    160929    3   4
     34013    2   0
    211982    1   2
    208494    1   2
    202063    0   3
     27089    1   3
     35305    1   2
    156235    3   4
    173960    1   2
     35206    0   4
     24845    0   2
    222724    1   2
     34984    4   2
    148221    3   2
     43069    0   3
     38058    0   1
    159345    4   3
    147192    4   3
     54604    1   3
    199479    0   2
    161919    0   2
    221809    3   0
    166867    3   4
    210182    0   4
    195789    0   3
    144870    4   3
    199014    0   3
    203387    0   2
    222861    2   1
    196020    1   2
    202491    3   0
    222172    1   2
    200885    1   2
    223062    2   1
    155966    3   4
    153780    4   2
     77106    3   0
    212119    0   1
    211341    3   0
    142296    4   3
    144042    3   4
    194246    3   0
     29746    0   3
    151808    3   4
     78783    2   1
    197943    4   0
    195655    3   0
    161824    3   4
     37162    0   3
     43108    1   2
    199811    3   0
    174978    3   2
    222904    3   0
    202313    2   0
    148978    4   3
     36860    0   3
    212008    4   0
     33497    1   2
    147877    4   3
    209969    4   0
      1442    1   2
     78414    2   1
    201611    3   0
    161816    0   4
    212202    3   0
     79820    0   1
    203676    3   0
    195300    3   0
    154074    3   4
    155399    3   4
     35062    3   0
    157042    3   4
    170880    2   3
     37781    0   2
     84639    3   0
    144741    4   3
    145743    3   4
    150806    3   4
    151647    4   3
    141795    4   3
     80470    3   2
     23303    1   3
    221750    2   1
     76918    2   1
    145609    0   3
    106744    2   3
    211729    0   2
    141845    4   3
    210775    1   2
    194625    1   2
    157428    4   3
    212454    0   2
    196814    3   0
    196102    0   3
    141225    4   3
    211314    2   0
     36141    0   3
    210978    3   0
    166916    3   4
     45598    2   0
    212130    3   0
     38765    1   2
     77167    0   1
    151632    4   3
    156929    3   4
    221084    2   0
    145438    3   4
     38358    2   0
     21324    1   2
    196557    1   2
    167318    3   4
    143781    3   4
    152209    2   3
    211330    4   3
     83784    1   2
     79653    1   2
    222856    1   2
    204934    2   1
    206041    0   3
    200614    4   0
     78981    3   1
    206052    3   0
    201726    4   2
    223009    2   1
    201942    2   0
    198284    0   3
     80221    3   0
     39038    1   2
    144525    3   4
    196636    1   2
    220956    0   3
    212735    4   0
    221051    0   2
    200392    2   1
    209858    3   0
    198128    4   2
    140293    4   0
    158508    4   3
    197984    1   2
    201878    3   0
    196714    1   0
     81475    2   1
    143571    3   4
    211723    2   0
    205327    0   2
    194458    0   3
    198696    3   0
     43748    2   1
    221751    2   1
     47071    3   2
    210832    0   2
     44487    4   2
    147705    3   4
    146022    4   3
     35758    4   0
    151162    2   4
    145058    4   3
    154735    3   4
     77169    1   2
    193797    1   0
    211741    3   4
    154154    3   4
    165358    2   4
    149563    3   4
    162003    3   4
    165577    3   4
    221692    0   3
    210720    0   3
    196670    0   3
    195591    0   3
     38329    2   0
    212557    1   2
    154288    3   4
    205685    3   0
    158793    4   3
     38711    4   2
    161920    3   4
    149052    3   4
    158469    4   3
     35993    3   1
     35826    3   0
    201060    3   0
     42815    4   2
     25969    0   3
    209599    3   0
     46524    0   3
    154396    3   4
    221841    2   1
    201342    4   0
    166724    2   3
     24586    1   2
    165753    3   4
    221786    0   3
     35969    3   0
     39608    3   0
    221440    1   2
     82675    3   2
     46154    1   2
    140271    3   4
    210545    3   0
     44576    0   3
    165508    3   4
    200486    3   0
    156938    3   4
    144337    2   4
     74179    2   1
    200772    2   1
     78672    2   1
    212394    2   0
     34124    0   1
    212017    0   3
     78077    2   0
    222439    0   3
     38279    4   0
    168121    2   3
     36623    1   2
    156728    4   0
    157510    0   4
    157137    3   4
    140960    3   4
    200629    0   3
    158297    3   4
    165610    4   3
    155349    2   4
    147880    3   4
    156723    1   2
    149388    4   3
    147225    4   3
    173615    1   2
    153135    4   0
    222404    1   2
    194361    3   0
    154846    4   0
    210592    0   4
    204204    3   0
    159107    4   2
     37339    3   0
    160824    3   4
    186008    3   2
    183028    3   2
    150929    3   4
    171847    4   3
    212602    0   4
    199705    4   0
    194280    1   2
    159553    2   1
    198646    4   0
    198237    4   2
    198802    2   0
    202937    4   0
    159193    2   4
    141914    0   4
    148753    4   3
    195991    3   0
    221068    2   0
     28781    2   3
    143959    3   4
     34085    0   2
    222430    3   1
     20097    1   2
     34461    3   0
    197985    3   0
    166111    3   4
     37563    3   0
    195551    2   0
     26948    2   1
    152963    3   4
    143310    3   4
     35619    0   3
    221536    0   3
    152511    3   4
     34731    0   3
    105034    2   1
    153528    4   3
    145192    4   3
    204874    3   0
     36223    1   2
    160695    3   4
     79429    0   2
    209593    2   4
    143886    4   3
    160675    3   4
     39535    2   1
     38145    3   2
    148247    4   3
     34683    4   0
     37099    2   1
    200774    0   3
    210640    0   3
    195337    0   3
    196370    0   3
    141211    3   4
     76784    2   1
    143618    4   3
    222126    0   3
     76773    1   2
    211122    4   3
     35752    4   0
    155282    3   4
    155547    4   0
    141158    3   4
    164010    3   4
    197956    1   2
    200309    2   0
     36518    4   0
     75008    1   2
     57475    1   2
    221990    3   0
    166660    3   4
    196849    1   2
    141649    3   4
    201374    3   0
    199134    2   1
    142582    3   4
    167046    3   4
    159663    3   4
    152420    3   4
    140612    3   4
     75685    2   1
    140660    3   4
    152194    3   4
    108340    1   2
    210455    1   2
    198579    0   3
    210611    3   0
    210703    2   1
    209951    0   4
    197812    4   0
     44909    1   2
    143299    3   4
    211171    4   0
    202096    2   1
    146069    3   4
    144090    3   4
    193693    4   0
    222140    3   0
     80518    1   2
    196838    0   3
     27918    1   3
    151948    4   3
    187057    2   3
    203977    3   0
    166720    3   4
    159488    4   3
     37511    4   0
    190547    2   3
    197627    2   0
     79719    0   1
    145265    3   4
    204068    3   0
     20586    3   2
     40378    0   3
    153614    2   4
    210969    0   3
    147964    4   3
    142969    4   3
    203078    4   0
    196316    3   0
    143518    4   0
    169278    4   0
    199759    1   2
    194293    4   2
     41046    0   2
    154168    3   4
     59538    1   2
    153936    3   4
    197163    3   0
    148939    3   2
     23588    0   3
    155198    4   2
    157121    3   4
    141534    3   4
    141130    3   4
    163049    3   4
    140858    3   4
     41968    3   0
    149336    3   4
    212122    0   4
    143740    3   4
     78284    1   2
     80136    0   1
    143416    2   4
     21592    1   3
    221199    3   0
    199370    3   0
    209565    4   0
     25088    1   3
    210715    0   2
    213515    2   1
    221158    1   2
    221195    3   0
    200352    0   3
    201170    1   2
     38150    0   3
    154917    4   2
     34766    3   0
    210763    2   1
     27668    0   1
    160471    3   4
    152250    4   2
     36649    1   2
    146174    3   4
    203723    1   2
    211639    1   2
    156683    4   3
     43754    0   2
    140694    0   4
     19772    0   3
    209549    1   3
     31675    1   2
    163191    3   4
     79176    1   2
    153939    4   3
     80529    1   2
     36881    0   1
    182134    2   1
    142586    3   4
    149844    3   4
    195546    2   0
    195281    1   2
    199894    3   0
     43636    1   2
     41398    3   0
    164008    4   2
     25961    3   0
     37015    0   3
     20975    1   3
     20583    2   3
     55376    1   3
    191398    1   2
     74638    1   2
    221548    3   0
    199164    4   0
     34430    1   2
     78779    2   1
    166064    3   4
     20821    1   3
     39919    0   3
     44430    4   2
     40015    3   0
     82652    2   1
     39730    0   3
    212749    3   0
    157304    4   3
    145541    3   4
    210006    0   2
    222132    2   1
    158159    3   4
    159394    4   3
    149686    3   4
    149952    4   2
    200449    2   0
    153710    4   3
    166171    3   4
    145593    4   3
    151866    3   4
    204277    3   0
    221045    1   0
     77202    1   2
    212214    1   2
     41572    2   0
    146640    3   4
    165928    4   3
    201864    3   0
    150800    3   4
    184118    1   2
    210945    0   2
    210176    3   0
     35462    3   0
    199502    3   0
    161120    3   4
     47097    1   2
    153478    4   3
    153903    0   3
     36808    1   2
    141561    3   4
    220990    0   3
    203732    2   0
    166170    3   4
    141896    4   3
    171724    3   2
     36267    2   1
    148928    3   4
     37583    4   0
     34747    0   2
    212033    2   1
     38818    2   1
     80609    2   1
    172041    3   2
    155061    3   4
    212856    4   0
    222498    1   2
    161971    3   4
    145403    2   3
    162905    3   4
     75830    2   1
     75234    3   0
     24130    3   1
    198751    3   0
     34723    0   3
     40820    0   3
    162576    3   4
    208890    1   2
    212599    0   4
    178096    4   2
    163027    4   3
    209932    4   0
     40150    3   0
    146341    4   3
     76703    2   1
    166781    4   3
    141416    4   3
    149687    3   4
    160751    3   4
    150850    3   4
    194376    2   0
    148096    3   4
    209681    2   0
     79073    2   0
    196171    2   1
    145633    3   4
    212984    1   0
    195816    0   3
    151106    4   3
     43193    0   3
    194455    3   0
    166963    4   0
    211174    4   0
    152803    3   4
    149127    4   3
    194416    4   0
     47343    0   2
     38292    3   0
    157460    4   2
    222255    0   3
    150586    4   3
    209725    4   0
    147412    3   4
    210446    4   0
    210012    4   0
    198151    2   1
    200472    3   0
     21850    0   3
    147144    3   4
    221246    3   0
    145454    4   3
    222775    0   1
    212024    1   2
    149400    4   2
     21854    0   3
     43199    2   3
    159771    4   3
    202913    2   0
     45332    0   3
    171193    3   2
     39101    3   0
    221399    3   0
    157131    4   3
     80866    4   0
     34184    0   2
     48141    0   2
     81389    2   1
    220866    3   0
    145481    3   4
     36146    2   0
     38863    2   0
    154744    3   4
    204657    2   0
    199616    3   0
    205094    0   3
     33334    1   0
     63428    1   3
    198643    3   0
    201542    3   0
    209704    4   0
    199959    0   3
     23394    1   3
    161538    3   4
     35399    4   3
    153802    4   3
    159664    1   2
     40984    0   3
    212339    4   0
    204652    0   3
     34079    3   2
    165802    2   3
    212003    4   0
    195728    1   2
    195215    0   1
    205148    0   3
    202497    2   0
    194443    2   0
     39360    2   0
    203649    3   0
    221788    2   1
     38147    1   2
    145936    3   4
     32629    1   3
      1257    0   2
    198065    1   2
     83167    2   1
     38508    3   0
    159824    3   4
      1664    1   2
     74359    1   2
     80423    0   3
     36983    0   3
     35479    0   2
    151314    4   3
    198165    0   3
    212148    3   0
     24973    1   3
    162208    0   4
    188236    1   2
    163905    3   4
    212763    2   0
    210027    0   2
    197493    4   0
     43454    0   2
    193831    1   2
     35387    2   4
    210432    4   0
    105757    4   0
     47251    3   0
    201409    3   0
     79888    2   1
    222511    0   3
     36540    2   0
    164206    3   4
    150382    4   3
    142997    0   4
    204714    2   0
    211326    4   3
    221686    3   0
    204537    0   3
    154881    3   4
     35585    3   0
    205522    3   0
    198901    0   3
    157106    0   4
    202605    2   1
    205573    3   0
    160300    3   4
     44904    4   2
     75155    2   1
    202968    4   0
    147894    3   4
     19852    0   3
    212400    4   0
    146167    3   4
    204979    4   0
     36629    1   2
     35510    0   3
    144051    3   4
    220994    2   1
    143145    3   4
    146280    4   3
    223050    3   0
    161273    4   3
     37892    3   0
    146630    3   4
    163156    0   3
     75533    2   1
    211742    0   3
    203171    3   0
    212516    4   0
     80302    1   2
    166166    3   4
    147888    3   4
    195307    4   0
    181380    3   2
    152395    4   3
    164349    3   4
     80587    0   1
    141076    4   3
    212063    1   2
    210168    0   3
     20257    2   3
    148954    4   3
    158898    3   4
    220842    3   2
    161916    4   3
    202759    3   0
     79638    2   1
    205105    0   4
    221505    1   3
    200246    3   0
     75245    1   2
    148161    3   4
    210269    4   0
     47065    4   1
    150117    3   2
    202484    3   0
    202280    0   3
    201537    3   0
    156665    4   3
    222030    2   1
    140288    4   3
    157193    3   4
     43781    0   3
    140107    3   4
    211976    3   0
    104173    1   2
     75795    1   2
    207420    3   1
    160062    3   4
     36603    0   3
    144446    3   4
    212971    2   1
    210759    2   1
    195453    3   0
    149159    4   3
    161905    3   4
    164967    4   3
     28232    1   3
    212528    3   0
    221354    0   3
    212752    0   3
    157520    3   4
    222454    3   0
     74651    1   3
     39686    3   0
    205627    3   0
     44339    4   0
    147175    4   3
    195756    1   2
    187942    4   3
    141105    3   4
    106840    2   1
    148550    4   0
     79168    2   1
    165233    0   4
    193082    3   2
    212854    4   0
    213364    1   2
    194856    2   0
    221877    2   1
    155806    0   4
     43630    0   3
    210505    4   0
    144778    4   3
     75940    0   3
    149870    1   2
    145518    3   4
     36527    0   3
    142099    3   4
     39519    0   2
    165380    3   4
    212053    1   2
    144665    4   3
    142386    3   4
    166560    3   4
     32988    3   1
    194379    0   2
       383    1   2
    210357    1   3
    210935    4   2
    142753    3   4
        58    1   2
     45323    2   1
     23992    2   3
    149980    3   4
    142644    4   3
    194992    2   1
     39262    3   0
     26150    2   3
    210677    4   0
     36462    0   2
    194985    3   0
    147852    3   4
     40803    3   2
    180766    4   2
    165596    3   4
     81805    0   3
     19242    3   1
    149939    3   4
    155110    4   2
    197437    3   0
    166608    2   3
    149093    4   3
     38318    1   2
    197801    4   0
    220958    0   3
    145676    4   3
    203877    3   0
    163113    3   4
    203092    2   1
    147358    4   3
    159524    3   4
    210650    4   0
    161834    4   3
    159935    4   3
    151091    3   4
    164279    4   3
    222149    2   1
    164566    3   4
    177162    4   3
     43720    2   0
    181741    3   2
     39966    0   2
    147320    4   3
    210311    3   0
    169591    3   2
    151297    4   2
    211805    4   0
     75601    2   1
    159152    3   4
     77238    2   1
    210248    0   3
    212987    4   2
    159368    3   4
     34121    0   3
    140919    3   4
     43691    1   3
     45499    3   0
    203137    2   1
     38620    2   1
     34918    0   3
    159946    4   3
    154894    3   4
     37084    2   0
    222074    0   1
     74519    4   0
     37292    4   2
    203427    3   0
    222263    2   1
    201021    4   0
    145110    2   1
    222536    0   3
    213262    3   0
    222596    0   1
    204924    0   3
    146581    4   3
    200361    3   0
    196811    4   2
    221446    3   0
    164648    3   2
    195140    0   3
     35101    2   1
     44626    0   3
    156793    3   4
    195475    2   0
    160321    4   3
     41008    0   3
    183524    3   2
    160970    3   4
     43242    1   2
    203595    3   0
    142223    3   4
    209846    4   0
    222585    0   3
    205325    0   3
    181645    1   2
     19795    3   1
    161219    3   4
     38673    0   2
    156488    3   4
    162958    4   2
    213047    2   1
    161470    3   4
    184441    4   2
    140219    1   2
     78017    0   3
    196753    4   2
    146604    3   4
     77825    2   1
    211537    2   1
    196832    3   0
    140322    0   3
    155672    4   0
    202021    2   1
     36830    0   2
    173244    3   2
    141829    4   3
     35189    0   3
    197470    3   0
    195338    2   1
     75607    0   2
    222757    3   1
    142863    4   3
     75659    3   0
     20726    1   3
     75377    2   1
    197349    3   0
    141174    4   0
    201925    4   2
     35811    1   0
    195886    2   0
    221654    2   0
     24806    0   3
    148597    3   4
    158590    3   4
    146727    2   4
    164957    3   4
     36752    3   0
     79706    2   1
     77265    3   1
    164916    4   3
     34650    2   1
     42341    1   2
    202287    3   0
    156358    4   3
     74857    3   0
     74441    1   2
    212601    4   0
     42076    0   3
    160260    4   3
    163797    4   3
    222354    3   0
    194077    2   0
    160247    3   4
    151595    4   3
    210791    4   0
    222547    3   1
    195621    3   0
    201739    4   0
    211095    3   0
    212370    3   2
     36015    4   2
    144380    3   2
    142966    3   4
    149373    2   4
     47291    1   2
    213277    3   0
    154241    4   0
    144985    3   4
     52381    3   1
    140358    0   3
    159769    3   4
    168106    3   2
    207253    4   2
    221178    0   3
     34801    0   3
     40785    0   3
    212696    3   0
     35182    2   0
    162378    4   3
    202728    3   0
    212649    4   0
    198244    0   3
    164722    4   3
    158376    3   4
    146160    4   3
     75269    1   2
    210262    4   0
     36454    0   2
    165988    3   4
    195339    0   1
     35346    0   3
    203791    1   3
    155801    4   3
    147769    4   3
     36673    0   1
    152873    3   4
    144873    0   4
    154912    4   3
    151534    3   4
    209955    4   0
    194645    3   0
    194180    1   2
    168109    2   1
    221502    3   0
     23271    0   3
     34425    0   3
    153030    0   4
    147168    0   4
     34831    3   0
    210533    2   1
    142055    3   4
    150291    3   4
     43728    1   2
    142861    4   3
    194979    3   0
    221887    3   0
     44519    3   0
     22926    0   3
    142397    3   4
    204704    3   0
    141199    4   3
    209669    3   0
    222556    0   3
     39657    2   0
     74568    2   1
    199563    4   0
     39495    0   2
     37018    1   2
    161369    3   4
    213299    3   0
    211217    0   2
     29143    1   3
    147131    4   0
    210824    0   1
     23957    1   3
    147600    2   4
     27550    0   3
    221959    3   1
     78460    3   0
    153638    4   3
    208782    4   0
    210512    3   0
    161149    3   4
     36739    0   3
    205776    3   0
     38700    3   2
    222205    0   3
    202588    3   0
    222980    0   3
     35512    4   3
      2428    0   3
    197942    3   0
    210502    4   2
    196773    4   0
    166818    4   3
    158712    3   4
    198300    0   3
     83825    2   1
    153769    3   4
    211708    4   0
    144604    4   2
    195060    2   1
     46542    0   3
    211965    3   0
     23510    2   1
    222491    1   3
     79128    2   1
    212248    3   1
    144085    4   2
    222741    0   3
    105072    2   3
    211436    4   0
     29526    0   3
    212884    3   0
    144147    4   0
     42692    4   2
     83843    0   3
     35309    0   2
    201026    3   0
    221284    0   3
     26430    0   3
    142028    4   3
     74316    2   1
    147080    0   3
    210473    0   4
     33976    0   2
    211897    4   0
    151916    2   4
    147342    3   4
    209970    0   2
    193710    4   2
     81001    2   1
    158368    3   4
    142007    4   3
    156328    3   4
    222471    0   3
    198564    2   0
     34439    3   0
     41697    3   0
     24728    1   3
    144937    3   4
    152862    3   4
     38102    1   2
    221053    3   0
    163444    3   4
    186348    1   2
    143345    3   4
    194441    0   2
    195668    4   0
    106408    2   3
    149643    4   3
    195416    3   0
    210429    1   2
    158249    3   4
    221240    3   0
    165022    4   3
     44653    0   3
     34272    1   2
    163211    2   4
    149914    3   4
