   19489    5   6
  200551    7   2
   23099    5  12
   21595    5   1
   31176    5   6
  210527    2   3
     605    2   3
   22570   10  12
   28359    5   6
  195761    2   9
  108846    2   4
  201526    2   7
   26857    5   1
   54450    6   5
   33952    2   9
   24085    1   5
   42177    9   2
  196641    2   7
    1719    2   3
  207323    2   3
   20837    5   1
  205764    2   7
   53191    6  11
   69585   11   6
   22314    1  10
   23177    5  10
   28701   10   5
   20122    5   6
    2217    2   3
   84293    8   3
   78123    2   8
   27279    5   1
  196974    2   7
   21275    5  10
   28819    5   2
  196177    7   3
   23351    1  10
   24405    1   5
  196947    2   7
   45382    2   8
   20867    5   1
   19536    5   1
   28803    5  10
   21520    5  12
   26460    5  10
  221812    3   2
   24679    1   5
   19532    5  12
   27812    5   6
  198604    7   2
    3356    2   3
   23296   10  12
    1793    2   3
   22256   10   5
   20221    5  10
   19392    5   2
   22903    5   6
   76845    2   8
  199925    2   7
    1796    2   3
   55037    2   1
   20378    1   5
   78481    2   8
     517    2   3
  196615    2   7
  197855    2   7
   23751    5  12
   20204    5  10
   19466    5   2
   23733    1  10
   28420    1  10
    2154    2   3
   30227    1   5
   22355    5   1
   23628   10   5
   19746    5   6
   24383    5  10
   52126    6  10
   20465    5  10
   28783    1   5
   28907   10   5
   30773    5   1
   54095   10  12
   27861    5  12
  222147    3   2
   26287    1   5
   28337    1   5
   76370    2   8
  201433    2   7
   83470    2   8
   45978    2   9
   20720    5   6
   20978    5   6
  206739    7   3
    1825    2   3
   32512    5   6
  198723    2   7
   24052    5   6
   22145    5  10
  195767    2   7
   24215   10   1
  198773    2   7
   21889    1   5
  209913    3   2
  206746    2   7
   39996    2   9
  199083    2   7
  221587    2   3
   23820   10   5
  202767    2   7
   28682    5  10
   43398    2   9
   68188   12  10
  105161    2   4
   24523    1  10
  197306    7   2
   58928   12  10
   30370   10  12
  195976    2   7
   20688   10   5
   22481    1   5
   38736    2   9
   51613    6   5
  197704    2   7
    1087    2   3
   20653    5   1
   21415    5   1
   28381    5  10
   46217    2   9
   22398    5  10
   62810    6  12
   64790    2   6
   53910    6  12
   20054    5  10
   55754    2   1
   60145    6   5
   82099    2   8
   77182    8   7
    2968    3   4
  211227    2   3
   25769    1   5
   21789    5  12
   20973    5   6
   24249    5   1
   52838    2   6
   80770    2   8
   20025    5  10
   37003    2   9
    2396    2   3
   27093    5   6
   65194   11   6
   67288    6  12
   75530    2   8
  105209    2   4
   24838    1   5
   74912    2   8
   31213    5  10
   26874    5   1
   59253    6   5
   53414    2  12
   20022    5   1
   31951    5  10
   78632    2   8
  221798    3   2
   56050    2   6
   38315    9   2
   33513   10   1
   19337    1   5
   24476    1  10
   28704    1   5
   38390    9   3
  204692    2   7
   82519    2   8
   23904    1   5
  212590    3   7
     992    2   3
   20520   10  12
  197891    2   7
   52423   12  10
   19607    5   1
   56096    6  12
  199110    2   7
   83744    2   8
   53675    6  12
   27177    1   5
   76288    2   8
   68090   10   6
    2176    2   3
   19188    5   1
   20301    5   1
   24091    5  12
   30277    1  12
   60094    2  12
  213052    3   5
   20890    5  10
   61760    6  12
   58482    2  12
   19193    5  10
   20232    5   1
   29949    5  10
  195258    2   7
  201729    2   7
   28225    1   5
   19774   10   5
  210302    3   7
  193725    2   7
   63785    6  12
  201628    2   7
   20595    1  10
  213079    3   2
   75418    2   8
   22528   10   5
   33270   10   5
  204497    2   7
  204096    2   7
  205235    2   7
   35216    9   2
   60826    2   1
   62705   10  12
     869    2   3
    8238    3  10
   24727    5   1
   58038    2  10
    3023    2   3
   33729    5  10
   32240    5  10
   35305    2   9
   25409    1  10
     827    2   3
   30088    5  10
   24000    1   5
   23303    5  10
   34340    2   9
   25865    5  10
   22293    5   6
  209866    2   1
  105635    2   4
   58935    2   5
   60350    6   5
   80880    2   8
  198978    2   7
   20402    5   6
  209691    3   7
   19295    5   1
   21504    5  10
  209708    2   1
   55497    6   5
   60207   12   6
   36068    2   9
   82843    8   2
   38095   12   9
   28357    1   5
   20097    1   5
  196880    2   7
   53326    6   1
   24212    1   5
   23373    1   5
   52733   12   6
   28425    1   5
  206679    2   7
  105245    2   4
  104836    2   4
  210163   12   3
  200852    7   2
   22608    5   1
   26585   10   5
   19860    5  10
  200553    2   7
  200218    2   7
   80420    2   8
   24925   10   5
  202800    7   2
  198847   12   3
   54057    6  12
   55606    6   2
   65538    6   5
  197377    2   7
  198953    2   7
   63907    6   5
   52816    6  12
  222042    2   3
  199502    2   7
  212685    2   7
   28523    5  10
  198187    2   7
  198684    2   7
   79811    2   8
   23088    1  10
   27690    5  10
  197810    2   7
   24870    5  10
   20730    5   1
  221005    3   7
   23627    5  12
   59447   12  10
  203649    7   3
   32974    5  10
  212467    3   9
   66632    6  10
   24973    1  10
   22597   10   5
   22342    5  10
  201207    2   7
   53684    2   6
    2539    2   3
    1096    2   3
     634    2   3
   22681    1   5
   44280    9   8
  108434    2   4
  205423    7   2
   23571    1  12
  212053    3   8
  204398    2   7
   27499    5   1
    1685    2   3
   22742    1  12
   32037    5  10
   38620    2   9
      49    2   3
  209874    3   7
  201448    2   7
  106776    2   4
   22300    5   6
   59154    6  12
  199229    2   7
    1808    2   3
   53145    2  12
   54781    6  12
   31104   10  12
   33173    1   5
  194830    2   7
   24913    1  10
   59518    2   6
   22945    5   6
   33395    1  10
   53823    6  12
  202451    2   7
  203944    2   7
   35990    9   2
   38609    2   9
   39856    2   9
