   45061    1   2
  149722   17  24
  203663   22   3
  106935   25   2
  153018   24   9
  149791    9  10
  192663   25   2
  199614   25   3
   35858   13   1
   39335   23   1
  160503    4   9
  156009   17  24
  196967   15   8
  201128   15   8
  146884    9  17
  206433   15  10
   80165    2  16
  197399   25   3
  200551    8   4
  199510    8   3
   48507    7   4
  144098   24  17
   75100   18   6
   52660    4  19
   24137   20  19
  168540   21  20
  204698    3   8
  210799    4   8
  197789    8   4
  154723   24  17
  180826   25  14
  142772   24  17
   25820    2  20
  158321    2  18
  212916    4   7
  203458    3  22
   39344    1   3
   31176   20  19
  209772    4   8
  162478   17  24
   74536   16   6
   55130   19  21
  204668   15   8
  210833   25   2
  149499   17  24
  210475    4   8
  200741    3   2
  154348   17  24
  202791   15   8
  150043   17  24
  210524    2   3
  212245   10  15
  144979   17  24
   42869   13  10
  164462   17  24
  194542   22   3
  200905   22   3
   35974   25   1
  206503   22  18
  168777   21  19
  200252   22   3
  213305    2   3
  211129    2   1
  175050   21  20
  165624   17  24
  221013   18  10
  199843    8   4
  165181    2   1
   38431   25  10
  210881   25   1
  181302   21  19
  175880   14  13
  200725   25   3
  168790   21  19
   40178    1   3
  160338   17  24
   65139    4  19
  157930    9  24
   28359   20  19
  195761    8   7
  149965   17  24
  193859   15   3
   45155   25   1
  183201    4   7
  176001   21  14
   57337    4  19
  221073   10   4
   77485    6  16
  209510   18  22
   55834   19  24
  158153   17  24
  199219    3  22
   54450   19  20
  198276   25  15
  209517    2  10
  164921    4   7
  211191   25   1
   39952    1  24
  168390    4  14
  194325   22   3
   24750    5  20
  212284   10   2
  141920   24  17
  197015   22   3
  213039    2   1
   64796   19  20
   43031   13   7
  206819    8  15
  167032   24  17
  145099    9  13
  146856   17  24
  201794   15   3
  209967   10  15
   35529   13   7
  210873   18  22
  171412   21  19
   42177   13  10
  195614    8  15
   19684   20  21
  202854   22   3
  191152   21  19
   55656   19  20
  147984   17  24
  212600    2   3
  145655   24  17
  213031    4   8
  210364    4   8
   38978   23   1
  145664    2  24
  167289   24  17
   41380   23   1
  179884   21  19
   25355    5  10
  159613   17  24
   76905   18   6
  203809   15   8
  203138   22   3
  140936   24  17
  210662   18   2
   74585   18  16
  211443   10  15
  161285   17  24
  154476    2  24
   81352   16   6
   82957   16   6
  213246    4   8
  199729    3  22
  212806    2  25
  211563   18   2
  151051   17  24
  195720    3   2
  160234   17  24
  157285   24  25
   80741   18   2
  194837    8  15
   34393    7   4
  156275   24  25
  165794   17  24
  211764    2  10
  152383    9  24
  211806   25   2
   26667   20  21
  211908   10  13
  221907   18   2
   47908    1  13
  204501    3   2
  168482   21  19
  199355    3  22
   43793   13   1
   66015   19  20
  140273   17  24
  161233    2  24
   53191    4  19
  195964    8   3
   35468   25  24
  159133   24  17
  144519   24  17
   37111   13   2
  161367    9  14
  168860   21  19
   44689   23   1
   24244    2  20
  212564   18   2
   77381   25  18
   62713    4  19
  199461    3   2
   78158   18   2
  200033    8   2
  212758    2   3
  198069   15   3
  141170   17  24
  209956    2   1
  165291   17  24
  181803    4   6
  151083   24  17
  222127    2  18
   42886   23   2
  154777   24   9
  156022    2   1
  212866    2   3
  211267    2  25
  183388   21  20
   56689   19  21
  150965   24  17
   20122   20  19
   20455   20  19
  213252    4   6
   76824    6  16
  179219   21  19
  152023    2  24
  157884   17  24
   42861    1  23
  212686    2   1
  141352   24  17
  144806   17  24
  165096    9  10
  156612   17  24
   42164    1  23
  159586   24  17
   60855   19  20
  163484   17  24
   35662   13   9
  145982    9  17
  144141   17  24
   76571    2  16
  204259    3   2
  211118   18  20
   74910   16  10
  204957   22   3
  156263   17  24
  190295   21  19
   56711   19  20
  158358    9  24
   53423   19  21
  183199   21  20
  211848    2  18
  147928    9  17
  161693    9  10
   24082   20   5
  197961   22   3
  145836   17  24
  167031   17  24
  154614   24  17
  152364   24  17
  201075   15  10
   78350   18  22
  141567   24  17
  203602    8  15
  211732   10   8
   41044   13  23
  167522   14   4
  222323   10  18
  211496    4   8
  210036   25   2
   34940   13   7
   24245    5  20
  149046   17  24
   34982   25   1
  144084   17  24
  186267    4   7
  193705   22   3
  198373   25   3
  159468   17  24
  198971   15   8
  206292    8  15
  223041    2  18
   37752   25   1
  171537   21  20
   31044   20  21
  210342    2  25
   39666   23  18
   28325   20  21
   44828    7  13
  197576    3   2
   43732   25   2
  200338    3   8
   77036    6  16
  183155   21  19
   40762    7  13
  199184    3  22
   27034   20  21
  146542   17  24
   41647    1  13
  196173   15   8
   21816   20  19
  143767   24   9
  174805   21  19
  177750    4   7
   20136   20  21
  196177    8   4
  221725    2  18
   68567   19  21
  222812    4   6
  143017    2   1
  222994    4  18
   81802   18   2
  164140   17  24
  143405   17  24
   20220    2  10
  212990   10  15
  143854   17  24
  211455    2   3
  142799   17  24
  148583   24  25
   58382   19  21
  210995    2   3
  156019    2  25
  104495    4  18
  202742    8  15
  204338   25   3
   20125   20  21
  174472    4   7
   37794   25   1
  141762   24  17
  166422   24   9
   79637    6  16
   36950   25   1
  205347    3  22
  213214   18   2
  140405    2  24
   80938    2  18
   45382    7   6
   30474   20  19
   47173   25  13
  210326   10  15
  157676   24  17
  200664    3  22
  221922   18   2
  209755   10   2
   36123   23   1
  212166   25   2
  157550   17   9
  163312   24  17
  212823   10  15
  185367   25  21
  153245   24  17
   34068    1  23
  155957   17  24
  143796   24  17
  160596    2  24
  209749   25   2
  194567   25   3
  186061   21  19
  195598   22   3
  162485   24  17
    1956    2  18
   75697   16   6
  150477   24   9
  148745   17  24
   30271    5  20
  198792   15  25
  201231   15   3
  200610   15  10
  200080   25   2
  162452   24   2
   41019    1  13
  153719   17  24
  211767    4  10
  179906   21  19
   40930    7   4
  211785   10  15
  149786    9  13
   19223   20  19
   20634    5   4
  194174   15  10
   67061   19  18
  173069   25  14
  212420   10   2
  152932   17  24
  210830    4   8
  221268    4  18
   43017   23   1
  156003   24  17
  206097   22   3
  147950   17  24
  211550   10  15
  158761   17  24
  212002    2  18
  146955   17  24
  204482   22  18
  171131   21  20
   45314   13  10
   80416    2  18
  165855   17  24
  145617   24  23
  150168    9  24
  146596   17  24
   22080   10  20
  165055   24   9
  222858    2  18
  212550   25   2
   76393   18   6
   30529    2  20
  212534   10   4
  142853   17   9
   26016    5  14
  213004   18  23
   19642   20  19
  196504   25  15
  163331   24  17
   35987    1  10
  221216   18   4
     579    4  12
  161705   17  24
   81153    2  16
   52809   19  23
  211322    4   8
  146585    2  23
  185661   21  19
  210493   10  15
  158102   17   9
  149673   17  24
   75865    2  18
  222782   10   4
  222350   18   2
   38533   13   2
  195493   22   3
     545   12  16
  154203   24   9
  222324   10   4
  149811   24  17
  212641    2  25
  154346   17  24
  213191   10  16
   35889   23   1
  163715   24   2
   83348   16   6
  148768   17  24
  200013   22   3
  160820   17  24
   37664   13   1
  194253    3  22
  141350   17  24
  146684   24  17
  146049   24   2
  145756   24  17
  150861   17  24
  205397    8  15
  195859   22   3
  209552   25   2
   37546   25   2
  154296    2  24
  199049    8  15
  202636   25  15
  209001   10   4
  201494   22   3
  206159    8  15
  210181   18   2
   41095   13  23
  200640   15  10
  220846    4  10
  212909    4  13
   76101   16   6
   19532   20  19
  107414    2  18
   34194   23  13
  204839    8  15
  222312    2  18
  156115   17  24
  211693    2   1
  151046    4  13
   77035    2   6
  151212   24  17
   36134    1  10
   27812   20  19
   35866    7  13
   44380   23  21
  221445   10   4
  146687   17  24
   32635   20  19
  210569    4   8
  221376   10   4
  221733   10   4
   55221   19  20
  155445   24  17
  163100   24  17
  157507   24  17
  106093    4  11
   80387   16   2
  151451   17  24
   36600   23  18
  162307    4   7
   74990   16   6
  210754   10  13
  184417   14  13
   44591   25   2
  162037   17  24
  211278   10   2
  210671    4   6
  212163   25   2
  160299   17  24
  147038   17  24
   43115    1  25
  211255   18   2
  143745   17  24
  144988   24  17
  156919   17  24
   34871    1  23
  211025    4   8
   19274   20  19
  160335   24   1
  206183   15  10
  198604   22   3
  152400   24  17
   37943   25   1
  200721    8   4
   74326    6  16
  140826   17  24
  152911   17  24
  195152    3   2
  184810   21  14
   38289   25   1
  155750    9  24
   78496    6  16
  221508   18   4
  210112   10  15
  193862    8   6
  161078    9  14
  200395   22   3
   38022    1   7
  179717   21  19
   36044    1   2
  195786   22   3
  198826   15   8
  209806   18   2
  213497   25   2
  142921   24  17
  157036   24  17
   41214   23  13
  161113   24  17
  194860    3   2
  200154    8  15
  144833   24  17
  171222   21  20
  170432   21  20
  211378   25   2
   37531    1  13
  200426   22   3
  210968    2  25
   60863   10  19
   82958    6  16
   41631    1   7
  150693   17  24
  203222   15   8
  148271   17  24
  211667   10  15
  176180   21  20
  212165   10   4
   68221   19  21
  201921   22   3
  141666   24  17
   42104    7   4
  144697    4  17
   38806    1  25
  203064    3   8
  198608   22   3
  212016   10  16
  212243   10  13
  209987   18   2
   83564    6  16
  211167    4   7
  140562   17  24
   36576   13  14
  212184    4   8
   44455    7  13
  156895   24  17
  148568    9  24
   47730   23   1
  186172   21  20
  211488   25  10
   79194    6  16
  167277   24   2
  210515    2   3
   38958    1  23
   37981    1  25
  152747   24  17
  157488   24  17
  145773   17  24
  150516   17  24
  203311   22   2
   36675    1  23
  195675   15   8
  148644    2  17
  147779   24   9
   79604   16   6
  166219    2  17
   43348   23   1
  201872   15   3
  209802    2   3
   33737   20  19
   35281   25  23
   34138   25   2
   76497   16   6
  197949    3  22
  211777   10  15
  220951    2  18
  165979   17  24
   34130   13   7
  166255   24  17
  143105    9  24
   35622    7  13
   56558   19  21
  194691    8  15
  171118   21  20
   37561   13   7
  193858   22   3
   39900   23   1
  213399   25   2
   38510   25  23
  197656   22   3
   38625    1   2
  197270    3  25
   84402   16   6
  149724   17  24
   19388    5  20
  144551    2  24
  153115   24   9
  211432    2  24
  159275    9  17
   20570   20   5
  182093   21  19
  198214   25   3
  196104   22   3
  212546    2   3
  156283   17  24
   46665    1  13
   34908    1  23
  140437   17  24
  189102   21  14
  150647   17  24
  220863   18   2
  211542   18   2
  153800   17  24
  149963   17  24
   37647    1  13
  140661    9  13
  212732    2  10
  195124    8   3
   53314   19  21
  153527   24  17
  201093   25   3
    1869   12   6
  146376   24   9
  142008   24  17
  163008   17  24
  140753   24  17
  154948    9  13
  166406   17  24
  192623   21  20
  204901    3  22
  161536    2  24
  210089   18   2
  151378   17  24
  147794   17  24
  141215   24   2
   38211    1  25
  164490   17  24
  159141    9  10
  166202   17  24
  174057   21  19
   44173    7   4
   76924    2   6
  151775    9  25
  205637   15   8
  151409   17  24
  197700   22   3
  154700   17  24
   36254    1  23
   20910    2  20
  152166   24   9
  203501   22  18
  176960   21  19
  162930   24  17
  180117    4  14
  150487   17  24
   59956   19  20
  151482   24  17
   41562    7  13
  211295    4   8
   74552    2  18
  198429   15   3
  210157   10  13
  141186   17  24
  209834    2  25
  174690    4   7
  202053    8   4
   37028    1  25
  221147   10   4
   34251    1   2
  200709    3  22
  222479   18   2
  213482    2  10
   41087   13  10
   51559   19  18
  200846    8  15
  146385    9  24
   24008   20  21
  147918   24   2
  212040   25   2
   19392   20  19
   35174   25   1
  209585   25   3
  213273   18   2
  222367   10   4
  213049   18   3
  177463   21  19
  210722   10  15
   78804    6  16
  156767   24  13
  143151   17  24
  210986    2  18
  193776   15   3
  198747   22   3
  220935    2   3
   36654    7  13
  198920    3   8
  161190   24  17
  154062   17  24
  149662   17  24
  154800   24   9
  165238   17  23
  144772   17  24
   44223    7  13
  152153   17  24
  161419   17  24
  164149   17  24
  149973   24  17
   81092   16  10
  108614   11  12
   21664    5  20
  140984   17  24
  157318    9  13
  201992   22   3
  221595   18   2
  195548    3   8
   60030   19  20
   35228    7  13
   62628   19  20
  148612   24  17
   38362    1  23
   36132    1   2
  144255    9  10
  158540   17  24
  211936   18  23
  203642    8   3
   74334    2  18
  193251   21  20
   83400    6  16
  210817   10  15
  141233   24  17
   21333   20  21
  210769    4   8
  156458   17  24
  210277   10  15
  140024   17  24
  174416   21  19
   81691    6  16
   53255   19  21
   75536    6   2
  144173   17  24
  150320    9  17
  200940   22   3
  206365   15   2
   41944   13   1
   76890   16   2
   37512    7  13
   36324    7  13
  165944   17  24
   78781    6  16
   35234   23  20
   36726    1   7
   21056    2  20
  210016   18   2
  146842   24  17
  171291    4  14
   79025    2   6
  202778    3  18
   23751   20  19
  162047   17  24
  206655    3   2
  210618   10  15
  144618   17  18
   19466   20  19
  180506   21  20
   36122    1  23
  209623   10  25
   23044    5   4
   80140   25  16
  194351    8   6
  199308   15   3
   36543    7   4
  142312   17  24
  142536   17  24
  195699   22   3
  203518   15   8
  148019   24  17
   42043    1  13
  198306   22   3
  194686   15   3
  104658    2  18
   65466   19  21
  196416   15   3
  164961    2   1
   53336   19  21
   81243    6  16
  201810    3  22
   53408   19  20
  213268   18   2
  161041   17  24
  168072   21  19
   24474   20  21
   82754    2  18
   46171    7  13
  206110   22   3
  211428   18   2
  140183   17  24
  161264   17  24
  154639   24  17
  146880   24   2
  209506    2  18
  206082    8   4
  210068   18   2
  212976   10  13
  210914    4   8
  197940    8   6
  143694   24  17
  179956   21  19
   39714   13   7
   57734   19  21
  155632   17  24
  168900   14  13
   20913   20   5
   74943    2  16
  145239    9  13
    2084    4  12
  203717   22  23
  212337   10  15
  213427    2  18
  165119   17  24
  209616   10  16
  158967   24  17
  141931    9  17
  204943   22   3
    1797   18  12
  160715   17  24
  197325   15   8
  198416   22   3
  152665   17  24
  146533   17  24
  203485    8  15
  195006   15   3
  206573   22   3
  190937   21  20
  142188   17  24
  179946   25  24
  210993   10  15
  185818   21  20
  196937    3   8
  140746   17  24
  204847    3  22
   36564    1  23
  205466   22   3
   20127   20   5
   38374   13   7
  211007    2   3
  198979   15   3
   24334   10   5
   35625    1   2
  146726   17  24
  194103    8   4
   24207   10  20
   60247   19  20
   36544   23   1
   65971    4  19
  198795   15  10
  210551   18  22
   62757   19  20
  211439    4   8
   34750    1   2
    7071   10   4
  195005    8   4
  144911   17  24
  212588    4   8
   27356    5  24
   39587    7  13
  212476   10   2
  143628   24  17
  164706   24  17
  161601   17  24
  155777   24  17
  155947   24  17
  202570    8  15
  202622    3   2
   83088    2  18
  156990   17  24
  222968   18  22
   76175   25   2
   19547   20  21
  194532    3   2
  222060    4  18
   37992   25   1
  160983    4   7
   78630   16   6
  105531    4  18
   36500   25  13
  150216   17  24
  143573   17  24
  156654   17  24
  104947   18  11
  204944    8  15
  149727   24  17
   42516   13  14
  156031    2  18
  209923   10  13
  165770   17  24
   23622    2  20
  147711   17  24
  201507   25  10
   75707   16   6
  198221   15  13
  156855   17  24
  222646    2  18
  162283   24   2
  152437   17  24
   41310    7  13
   45630   23   1
   46959    7  13
  172828   14  13
   39370   23  18
  165223   17  24
  152940   17  24
  145735   17  24
   47577    1  13
   37895   25   1
  150469   24  17
   41045    1   2
   78271   16   2
  164066   17  24
  153895    2  24
  210084    4   8
  198893    8   4
  209688   10   2
  159723   17  24
  146193   24  17
  141009    4   9
   19347   20  21
  169619   25  21
  212029    2   3
  199580   22   3
  213248   18   2
   39566    1   7
   47157    7  13
  211293   25   2
  156323   17  24
  221575   18   4
  143002   17  24
  190860   21  19
  169270   21  14
   51656    4  19
   22368    5  20
  158547   17  24
  221004    4  10
   44088    1  23
  210701   25  10
  209714   18  23
   79063    2  18
  190001   21  20
  160892   24  25
  163724   17  24
  210552   10  15
   79698   18   2
  212425   25   2
  178065   21  19
  160083   17  24
  221419   18   2
   42184   25  13
  198956    8  15
  156854   17  24
  140491    9  24
  220869   18   2
  152536   17  24
   84633   16   6
   46108   25   1
  156986   24   9
   34122   13   9
  158248   17  24
  140281   24  17
  150716   17  24
  158456   17  24
   43976   13   4
  160227   17  24
  141401   24  17
  194188    8   6
  159975   17   9
   81194    2   6
  221696   18   2
  151672   24   9
   83013   25  16
  203661   15   8
   81015    2   3
  209985   18  23
  211474    2   3
   35010   13   7
  199133   15   8
  147117   24  17
  155551   24  17
  212196   18   2
  200314    3  22
  196698   25  15
  211530    2  25
  213069    2  15
  155447   17  24
  155517   17  24
   25588   20  19
  193974   15  10
  204167   25  23
  177467   21  19
    7114   18   4
  210283   25   2
   21005   20  19
  197566    8   4
   52389   19  20
  221373   10  18
  212475    4   6
  143009    9  17
   25570    2  20
  164067    9  24
  210081    4   8
   42391    7  13
  209569    2  25
   76067    2  22
  209621   10  25
  210610    4   8
  221123    2  18
  194223    3   2
   33085    2  20
  198383    3  22
  195138   15   3
  197376   22   1
  222015   18   2
  203333   25  15
  213403   10  13
  141327   17  24
   38063    7   4
  143391   17  24
  151826   17  24
  212325    4   8
  222105   10   4
   61511    4  19
  213198   10  15
  221681   10  18
  196083    8   3
  148067   24  17
  147504   24   9
  211857   25   2
  155973   17  24
  145486   24  17
  199770    8   4
   27861    5   4
  153639   24  17
   19865    2  20
  169410   25  14
   47595    7   4
  202466   22   3
  198034    3  22
  194178    8   4
  210353    4   8
  166989   17  24
   35115   25   1
   42073   13   7
  222183    2  18
  141011   17  24
  167473    4  14
  148823   24  17
   76898   18   6
  197105    3   2
   24709   20  21
   33930    1  23
  158572   17  24
  147556   17  24
  213509   25   2
  213156    2   1
  194981    3   2
   40426    7  13
  205386   25   3
  198064   22   3
  157419   17  24
  144287   24  25
  146983   17  24
  203033   22  18
  210085   25  15
  146481   24   9
  145402   24   9
   37100   13  14
  194821   15   8
   42353    1  13
   38558   23  18
  165147   24  17
  157316   17  24
   61554   19  20
  211032   10   4
  211483    4   8
  222108    2   4
   53107   19  21
   81564   18   6
   34870   25   1
  213160   10   2
  155111   17  24
  213147   25   2
  141593   17  24
  151634    2   1
  195159    3   2
  190791   25  20
  209532   25  10
  162829   17  23
  202957   22   3
  223029   10  18
  180326   25  21
  176389   21  14
   52284   19  20
   43027    1  13
  211313    2  18
  206233    3  22
  161137   24  17
  197544   15   3
  166611   17  24
   20070    2  20
  201210   22   3
  199211    8  15
   38278   13  10
   34338   25   1
  155560   24   2
  149291   17  24
  175020   21  19
  187208   21  19
    3556   18  19
  181517   21  20
  210229    4   8
  194072   22   3
  152958   17  24
  211855   25   2
  199820    3  22
  175247   14   4
   57676   19  21
  165860    2  17
  213206   18   2
  171404   14   4
   74842   18   2
  172131   14  10
  141563   24  17
  206015   15   3
  188371   21  20
  221070   18   2
  195335    3  22
  166834    2  24
  211820   18   2
  209546    2  18
  154565   17  24
  181274   21  14
  147241   17  24
  209853   10  13
  211964   10  15
  152761   24  17
   27875   20  19
  143928   17  24
  220822   18   2
  163057    2  25
  168729   21  23
   36928    1   2
   35449   13   1
  206739    3   2
  210540   25  10
  198656    3   2
  220982    4  18
  205515    8   4
  203339   15   3
  211219    2   1
  196264    8   6
  157907   24  17
  210953   25   2
  161704   17  24
  206344   15   3
   24197   10   5
   32512   20  19
  161549   17  24
  222337    2  18
  210317   10  15
  154645    9  24
  204779   22   3
  161124   17  24
   44683   23   1
  158731    9  24
   35881    1  13
   39229   25  13
  156336   24  17
  161297   17  24
  195381    3  22
  173554   25  21
   24052   20  19
   20107    5   4
   43914    7  13
  211242   10   4
   43256   13   7
  148215   17  24
  198872    8  15
   41004    7  13
   23836    2  23
  163537   17  24
  208965   10   4
  151999   17  24
  204831   15   8
  209965    4  10
  183688   21  20
  143093   17  24
  141308   17  24
   76832    6  16
   56213   19  21
   74473    2  16
   33845   20  19
   38805    1   3
  140916   24  17
  162432   17  24
  142729   17  24
   56816   10  19
  211974    2   3
  159327   17  24
  143237    2   3
  202436   25  15
  213331    4   8
  142285   17  24
     140   12  16
  186188   21  19
   39156   25   1
  210686   18   2
    6302   18   4
  152460   24  17
  197561   15  10
  209710   10  13
  160143    4   9
  163116   24  17
  105257    4  11
   24172    5  20
  178653   21  23
  212728   10  15
  148720    9  17
  186369   21  19
  212652    2   3
  203477    8  15
  144464   17  24
  160094   17  24
   77647   16   2
   78741   16   2
  213361    4   8
   46997   25  13
  222682   18   2
   78800    6  16
   76344    2  18
   39236    1  23
  204908    8   4
  187477   21  20
   30118   10  14
  150485   17  24
   38228    1   7
   22704    5  20
  220848    2  18
   23803   20  19
  211459   18  23
  151154   17  24
  210902    4   2
  140868   24   2
  198491    3   2
  165585   24   9
  176373    4  14
   19399   20  21
  141430   17  24
  211551   10  15
  212320    2  10
  177251   14  10
  161368   17  24
   41850   23   1
  221126   10   2
  211983    4  10
  203638   22   3
   74565    2  16
   76264    6  16
  209567   25  15
  209907   25  10
   74364    6  16
  203946   15  10
   76229   16   4
  168495   21  20
   43029   23   1
   19364   10  14
   34647    1  23
  193895   15   3
  141659   17  24
  202181   22   3
  144032   24   2
  196170   15   3
  146738    2  24
  212694   25   2
   74463   16   6
  141424    9  13
  204457   22   3
  207532   25  10
  197612   25  15
  154972   17  24
  154527    2  17
  107411   11  18
  204671    8   3
   64021   19  20
   38255    1  13
   34981    1  13
   38835    7   1
  212796    2   3
  143797   24   2
  155253   17  24
  199210   25   3
   35642   13   1
   39699   13   7
  204936   15   3
  221194   18   2
  211603   10   9
  140789   17  24
  200394    3   2
  144512    2   9
   40394    1  13
  198442   22   3
  153123   17  24
  152042   17  24
  156698    2   1
  149606   24  17
  156560   24  17
  212712   10   4
  210777   10   2
  170460   21  19
   35472    7  13
  209538   10  15
  163603    4   9
  180632   25  21
  193976   22   3
  209700   18   3
  150855   24  17
  153600   17  24
  198631    3  22
  158092   17  24
  156568   17  24
   30406   20  19
   20453    2  21
   76215   18   2
  148740   17  24
   78577    6  16
   31791   10   4
   45849    1  13
  145275    2   9
   38576   13   7
  146381   17  24
  200704   22   3
   34553    1   2
  161933   24  17
  167012   17  24
  194512   15   3
  212747   25   2
  170908   21  23
  201836   22   3
  210345    2  18
   28192   20  21
  212059   10  16
  151878   24  17
   75622   16  15
  212061   10   3
  157811   17  24
  176858   21  19
  222102    4  18
  195850   22   3
   74947   16   6
  212616    2   3
  150111   17  24
   59160   19  21
   79258    6  16
  162160   17  24
  145371   24  17
   51511   19  21
  188472    4   7
  202319   22   3
   43059   13   1
  140272   17  24
   82990    6  16
   55803   19  20
  205695   15  10
   45420    1  13
  198977    8   4
   41571   25   2
   21608   20  19
  146101   17  24
  207920   25  10
  160947   17  24
  168706   21  19
  141528   24   9
  149260   17  24
   23453    5  20
  151574   24   9
  194967    3   1
  212305   25   3
  199087   15   3
   19290   20  19
   34297   23   1
   75159   16   6
  152815   24  17
  190660   21  20
  160303   17  24
  201206   22   3
  213480    4   8
  154793   17  24
  144243   17  24
  147819    9  14
  201048    3  15
   39620    1   2
  212702   25   2
  157017   17  24
   37493   23  18
   22793    2  20
  199637   22   3
  162011   17  24
  145273   24   9
  205719   22   3
  146582   17  24
  221064   18   2
  158644   17  24
   21035   20  19
   45435    1  13
   28123   20  21
  222884   10   4
  210510   10  15
   37384    1  13
  151089   17  24
   35739    7  13
  194729   22   3
  184051   21  14
  197446   25   3
  213138   25   2
  183110    4   7
  198085    3  22
   43950   23   1
  210358   10  15
  160807   17  24
   83397    2  18
  203051    3  22
  145328   24  17
  222505    2  18
  165083   24  17
   37722    1  13
   29357    5  20
  222990    2   4
  166970    9  24
  206660   22   3
  194786   25  15
  142773   24  17
   21342   20  23
   34460   13   1
  196859    8  10
   43174    1   2
  184083    4  14
  160350    2  17
   80711   16   6
   21094   10   5
   33957   13   7
  153979   24  17
  185517   21  20
  206167    8  15
  212877    4   7
  161102   24  17
  210128    4   6
  188838   14   4
   76201    6  16
   47734    1  23
  159493   17  24
   84264   16   6
   40932    7  13
   66293   19   2
  154644   24  17
  211556   25   2
  185729   25   9
  210585   25   2
  221666   10   4
   22426   20   5
  222092    2  18
  163221   17  24
  200060    3  18
  196747    3  22
   34708   13   7
    2307    4  12
   83837    2  16
  209739   25  18
  157323   17  24
    3671    4  18
   34879   25   9
  187935   21  19
  193814   15  10
  210257   18  23
  158419   17   2
  199051   25  15
  151922   17  24
   39046    1  23
   48232    7   4
  146416   24  17
  104729   11  12
  178511   25  14
  162627   17  24
  199422   15   8
  221270   10   4
  166788   17  24
  211627    2   3
   68952   19  21
   58928   19  21
  150210    9  24
    1143   18  12
  210931   10  15
   42383   25   1
   57372   19  21
  199781   15  10
  200455   15  10
  176668   21  19
   81438   16   6
   34142    1  13
  146611   17  24
   76339    6  16
   60346    4  19
  210194    4   8
   34380    1   3
  156663    4   7
   78869    6  16
  210260   10   4
  150645   17  24
  198173   25   3
  151923   24  17
   34605   25  24
   37885   13   7
   38135    1  13
  203886   22   3
   51961   19  21
  187380   14  13
   36721   13   1
  151716    9  17
  141080   24  17
  177324   21  19
  141145   24   9
   35783    1   2
  148593   24  17
   34434   25   1
   35965   23  13
  162098    9  24
   34466    1  23
  165603   17  24
  211787    4  18
  168827   14  13
  221563   18   2
   43157   23   1
  175354   21  20
  144368   24  17
  166152   17  24
  221720   10   4
  144448   17  24
   80651   25   2
  151187   24  17
   36898   13   1
  162363    2  17
  222118    4   2
  104943    2  18
  200302    8  15
  199113   15  10
  220853    4  10
   40939    1   2
   20091    5   4
  204438    3  22
  220856    2   3
   22056   20  19
  209659    2   3
  150255   17  24
  194038   15   8
  146911   17  24
   40300    7  13
  221277   10   4
  221603   10   4
  182409    4  14
   19555   20  21
   42396    1   2
   35200    7  13
  222229    2   3
  140719   24  17
  195047    3  15
  141868   17  24
  165615   17  24
  205973   15   3
  212150   18   2
  154021   17  24
  194296   22   3
  212448    2  18
  166628    4   6
   75888    6  16
   77831    6  16
  160796   17  23
  211141   10  15
  210198    2   3
  141719   24  17
  210070   10  15
  196070   22   3
  166165   17  24
  211856    2   3
  212579    2  25
  212140    4   8
   52045   19  21
   34588   13  14
   44071    1  23
  146660   17  24
  154081   24  17
  203635   22   3
   26379    2  23
   74276   18   2
  165661    4   7
  211230    4   8
  159827   24  17
  200012    3  22
   25173    2  20
  203377   22   3
   35973   25   1
  203793   22   3
  154232   24   9
  211302    2   3
   44574    1   7
  105642   11  12
   38316    7   9
  221168    2   4
  157750   17  24
  163493   17  24
  160440   24   9
  164928   24  17
   37104   13   7
   42126   23   1
   78943    2  18
  202401    3  15
   45301   13   7
  213118   10  15
  210911   18   2
  210970   25   2
  212852    2  18
  190736   21  19
  142777   17  24
  212388   18   2
  222123   18   2
  147382   17  24
   75876    2   6
   29463   20  19
  206017   22   3
  164401   24   2
  204596   25  15
  200695    3  22
  149375   24  17
  210304    4   7
  141791   17  24
  146271    9  17
  167127   17  24
   37969    1  23
   40960    7  13
   77829    6   7
  210047   25   2
  203086   25  22
  153404   17  24
  166193    4   7
   23830   20  21
  189214   21  19
  210044   10  15
  205174   22   3
   36006   25   1
   54290    2  20
  213104    2  18
  201212   22   3
  165674   24  17
   45436   23   1
  200469    8  15
   38684    7   4
  140554   17  24
  221479    4  18
  213325    4   7
  190076   14  21
  205256   15   3
  158167   17  24
  209756   25   2
  140819   24  17
   21728   10   5
  195193   22   3
   53919   19  21
  201294    3   2
  222387   18   2
  156155   24  17
  160946    2  24
   77179    6  16
   42319   13   1
  201241   15   3
  195926    3  18
  154004   17  24
   45766   25   2
  177221   21  19
  198992    3   2
   75353    2  18
  205993   15   3
  142965   17  24
  189180   21  14
  157056   24  17
  161778   24  17
   55746   19  20
   37401    1   2
  210626    4   8
   27194   10  20
   22676   20  21
  161461    9  17
  165898    2  17
  165249   24  17
   47181    7   4
  209729   25   2
   36707   23  18
   35760   13   4
  221775    4  18
  195856    8  15
  151552   17  24
  211039   10  16
   20163   20  21
  160130   17  24
   36259    1  18
  162928   24   2
  156347    9  24
  143999   17  24
  210547   10   9
  206600    3  22
  195831   22   3
   74178   16   6
  209588    2   1
  196928    3   2
  212615    2  10
   33897   25   2
   55825    4  19
  151064   17  24
   42745    7  13
  221185    2  18
  175512   21  20
   37425   13   9
  222953   18  10
  194449    8  15
  202386   22   3
  213413    2   3
  157938   17  24
  142027    2  18
  163827   17  24
  142506    2  24
   61233   19  21
  204285   22  18
   57573   19  21
  211898   10  15
  189271   21  20
   22092    2  20
   37727    1  17
   36237   23   1
  212236   25  10
   75848    2  18
  210508   10  15
   27139   10  14
  211018    4   7
  151210    2  24
  164193    9  24
  208999   10   4
   37439    7   4
  178951   21  20
  196015    8  15
  222047   10   4
  167530   21  19
  149280   17  24
  196105   25   2
  146559   17  24
  166310   17  24
   34074    7  13
   42557   13   1
  205334   22   3
  157044   17  24
  146214   24  17
  210008   10  15
  222233    2  18
   81056   16   6
  196493   15   3
   76507    6  16
  141708   17  24
   36052   13   7
  145125   17  24
  222457    2  22
  148546   24  17
  181183   25  21
  201282   22   3
  180839   21  20
  178791   21  19
  201824   22   3
   45553    1  13
  152546   17  24
   44378   25  13
  144578   17  23
  152509    2  24
  222729   10   4
  149248    9  24
   41826   13   4
   20614    2  20
  147079   17  23
  193827    8   4
   34108    7  13
  153556   17  24
  148446   17  24
  211418    2   3
   35121    7  13
  154375   17  23
  212660    4   6
   39271    1  13
  170060   21  20
  198677   15   8
   47729   13   9
  142592   17  24
   47189    7   4
  199913   15  10
  210927   18  23
   38395    1  23
   74453   18   3
  213175    4  10
  143295   24  17
  143346   17  24
   41232   23  24
  212643    2  10
  199499    3  22
   82624   16  10
  210338    4  10
  161107   17  24
  191591   14  10
   39024    1   3
  199289    3   2
  206678   22   3
  222593    2  18
  221641    2   4
  185001   21  14
  154548   17  24
  142499   24  17
  209833    2   1
  151391    2  17
  198269   22   3
   34385    1  23
  181307   25  14
  206076   22   3
  140153   24  17
   34696   13   7
  210346    2  18
   57311   19  20
  205002   25   3
  151679   17  23
  154967   17  24
  159199   17  24
  149188   24   2
  151029   24  25
   36471    1   2
   42448   13   7
   40081   13   9
   54347   19  21
  105004   18  11
  176713   14  21
    3521   12   4
  144811    2  24
  142945   17  24
   29355   10  13
  142356   24  17
  151565   24  17
   35675   23  18
  211061    2   3
   29984   10   5
   76164   16   6
  211759    4  17
  194299    8   7
  212637   10   2
  210434   10  18
   34253    1  23
    2968   12  11
  206071    3  22
  146413   17  24
  180602   21  14
   46245    1  18
  221636   10   2
  211071   18   2
  211558   18   4
  201798   15   3
  210251   25  23
  147756   17   9
  206267    3  22
  155924   24  17
  212100   10  15
  145360   24  17
   76828    6  16
  221926    2  18
   38685    1  23
  221910    2  18
  209536    2   3
  212135    2  18
  146700    9  24
     795   12  15
  223052   10   4
   43183   25   1
   77062   16   6
  155165    9  25
  196957   25  15
   35249   23   1
  155065    9  17
   31616    5  14
   20973   20  19
  146334   24  17
   77386   16   6
  213496    2  25
   41125    1  23
  222549   10   4
  213170   10   4
  212032   25  10
  144070    9  13
  165203   17  24
  178248   21  19
  210382   18   2
  167158    2   1
  166751   17  24
   22362   20  21
  183510   25  24
  151586    4   7
   58343   19  21
   35834    1   2
  205251   22   3
   55462   19  20
   80755    6   8
   35268    1   2
   42359    1  13
  222036   18   2
  205305    8   6
  161712    4   7
  153285   17  24
  167823   21  19
  210849   18  23
   43744   13   1
  145249   17  24
   54047   19  21
   77579    2  18
  147307    2  17
  142698   24  25
  169521   14  13
  150490   17  24
  197049   22   3
   77101   16   6
  177783   25  21
  198867    8   7
  142178   17  24
   36345   13  10
  211066   18  23
  202232   22   3
  201898   25   3
   65412   19  20
  206718   22   3
  210682   10  16
  155908   24  17
   80124    6  16
  206650    3  22
   20705   20  19
  163572   17  24
  199050   15   3
  162850   17  24
  212110    2  25
  163908   17  24
  197232    8   7
  147121   17  24
  223014    2  18
  193826   15   8
   53384   19  21
  196990   22   3
  222754    4  18
  212825   18  22
  211356   18   2
  203216    3   2
   47763    7  13
  141938   24  17
  191495   14  13
  200588   22   3
  156701   24   2
  165195   17  24
   20647   20  19
   37296    7  13
   37516   23   1
  150115   17  24
  212411   25   2
  161828   24   2
  195566   15  25
  212098   18   2
  200106   22   3
  166389   24   9
   22996   20  21
   34551    7  23
  149985   24  17
   19784   20  21
  171047   21  19
  157587   17  24
   78378   16   6
  198757   15  10
   77373   16   8
  196848    8   4
  162628    2  24
  196021   22  18
  167544   21  20
  196877    8  15
  156002   17  24
   36919   23   7
   52318   19  21
  197258   22   3
  141023   17  24
   37385   13   7
   47080    1  13
  160793   17  24
  167054    4   7
  212249    2  25
  151356   17  24
   23122   20   5
   36247   23  19
  177756   14   9
  202667   22   3
  181333   21  19
  164840    9  13
  148229   24  17
  196948   15   8
  144705   17  24
   46367   13  11
  199995   22   3
  211494    2   3
   28013   10  14
  212182   10  13
   59253   19  21
  205149   15   8
   76253    2  18
  154031   17  24
  143715    2  17
  107314    2  11
  172244   21  19
  156505   24   2
   42397   13  16
  211051   18  25
  211685    4   6
   20507   20  19
  211153   10   4
  196018   22   3
   34152   13  10
  146715   24  17
  143019   24  17
  147533    4  24
  160731   17  24
  161348    2  24
   41023   25   1
  165638   24  17
  205230    3  22
  211638   18  10
  209745   25  10
  145493   17  24
  104162    4  11
  211957    2  18
   40369    1   2
  203447   25   3
  210845    2   3
  193900    3   2
  204941   15   8
  198255   15   8
  165943    9  14
   42112    7  23
   34986   23   1
  147776   24   2
  210719   25  24
  149125   17  24
   24486    2  20
  213452   25   2
  149112   24  17
   37440   23   1
  143916   24   2
  221798   10   2
   41854    1   2
   32334   20  21
   45356   25  24
   39853    1  23
  155789   24  17
  147931   24  17
  222664   18   2
  151107    9  24
  173431   25  13
  222719   18   2
  212847    4   7
  153943   17  24
   80636   16   6
   23509   20  19
   41945    7   4
   44463   23   1
   19692   20  21
   34173   13   7
  158876   17  24
  205615   22  18
  211712    4   8
   22023   10   5
  209837   25   2
  144391   24  17
  195331   22   3
  155720   17  24
  198969    8  15
   28623    5  20
  155365   24  17
  206533   15  10
  148387   17  24
   35509   23   1
   36868    1   2
  203827   15   1
  194075   25   3
   37387   13   9
  192009   21  20
   24698    5  10
  141707    9  14
  198440    8   4
  163334   24  17
  150345   24  17
  222492   10  18
   78205   16   4
  175337   14   4
    3523    4  12
  175275   21  20
   26616    5  20
  143091   17  24
   75925   25  16
  195521    8  15
  210291   25   2
  221160   18   4
  167445   21  20
  145659   17  24
  143255   17  24
  142053   17  24
   79275    6  16
   38315   23   1
  151209   17  24
  148109   17  24
  164557    4   7
  169925   21  19
   80610    2   6
  156107   17  23
  144318   24  17
   35092   23   3
  142860   17  24
  194867   22   3
   24237   20  19
  107161    2  11
  212738   18   2
  201629   22   3
  222723    2  18
   26396   20  19
  190980   14  13
  155387   24  17
   62473   19  20
  163189   17  24
  202254    3  22
  197182   15   8
  196628   15   3
   43109   23  18
   41665   23   1
  222906   18  22
  151990   17  24
  206645   22   3
  158917   17  24
   40697   13   1
  210694    2   3
   35616    7  13
   78699   16   2
   38712    7  13
  212273    4   8
   35782    1  23
  165542   17  24
  210613    2  25
  172338   21  19
  149216   24  17
   84640   16   6
  161844   24   2
  142637   24  17
  211597    2  18
   52225   19  21
  106417   18  11
  142983   24   9
  165631   17  24
  196929   25   3
  157913   17  24
  201411    8   6
  221860   18   2
  221591    2   3
  193801   22   3
   37383    1   2
   46786    1  23
   34300   25   2
   35728   23  18
  148805    9  24
  203966   22   3
   74492   16   6
   75174   16   2
   19337   20  19
  211532   18   4
  141906   17  24
  143758   17  24
  160357   24   2
  222275   18   2
  144923    9  17
   38390   23   2
   53811   19  20
   61817   10  19
  149770   17  24
  159451   17  24
  171288   21  20
  222886   10   4
  153869   24  17
   39649    1   3
  197733    8   4
   43424   13  25
   41244    1  13
  158915   24   2
  200371    8  15
   34299    7  13
  198568   15   3
  142651   17  24
  184192   21  20
   58775   19  20
  211595   10  15
   53652    4  19
  220892   10   4
   63690   19  20
   41779   23   1
  209859    4   8
  181458   21  14
   23033    5   9
  210535   25   2
  155766    2   1
   77977    6  16
  178153   21  20
   65502   19  20
  145747    2  24
  151286   24   9
  179909    4   6
   40575    1  23
  198078   25  15
   19590   20  22
  196341   25   3
  140060    9  17
  140025   24  17
  144018   17  24
  200621    8   4
   23251   10  20
  199596   22   3
  150901   17  24
  212590    4   8
  166486   17  24
   24358    2  20
  147460   17  24
  206763   15   3
   30540    5  20
  209860    2   3
  185182   21  19
  184088   21  19
   82903    6  16
   41875    1   2
  211967    2  18
   64945    4  19
   36584    7  13
   20520   20  19
  151783    2  17
  221391   10   4
  199880    8   4
  172652   21   4
   39447    1  23
  168692   25  21
  148038   17  24
  200453    8   4
  198343    3  15
  211457    4   8
  159813    9  13
   24895    5  20
   55820   19  21
  159734   17  24
  211859   18   2
  220930   18   2
    2379    2  18
  179964   21  19
  168541   21  20
   38877   23  18
  191688   21  20
  195630   22   3
  178013   14   4
  206656    8   3
   44404    1  13
   45071   25   9
  196091   25   2
   75521   18   6
   22549    5  10
   22653   10   5
  222508    4  18
  202229   25   3
   40228   25  24
   20259    5   4
  195645    8  15
  213085    4   8
  196777   15   3
   34706   23   1
  211192   10  15
  185115   21  20
   39044    1  23
   27370    2  20
   38208   25   1
  211941    4   8
  211072    2   1
   19570    2  20
  152807   17  24
   75904    6   4
   76554   25  16
  151998   24   2
   32632    2  18
  209692   18   2
   34488    7  13
  194999    8   3
  166021    2   1
   38670    1   2
  171989    4  14
   35237    1  23
  171244   21  20
  159834   17  24
   78171   18   2
  163279   17  24
   78283    6  16
  181634   14  13
  154736   17   9
  167886   21  19
  222089   10  18
  188341   21  20
  147564   24  17
  164987    2  24
  141836   24  17
  192694   21  20
  186904   21  19
  146010   17  24
  147451    9  24
   38227   13   7
  211861   25  10
  206687   22   3
  168561   25  14
  161992    9  13
  149150   17  24
   20482   10   5
  151118   24  17
  156515   24   1
  176832   21  20
   37496    1  23
  143559   24  17
   76697   18   2
   46675   23   1
  161800   17  24
  150797   24  17
   26674    2  14
  211663   18  23
  222196   10   2
  195121   25   3
  198860    3  22
  173157   21  20
   77362    6  16
   26225   10   5
   41841   23  17
  209898   25   3
   34530   23  13
  144851   17  24
  151794   24  17
   42282    1  23
  177114   21  19
  200926   15   8
  198801   25   3
  209608    2  10
  211809   10   2
  141862   24  17
  221030    2  18
  213013    2  10
  210866   10  25
  155113    2  24
  183791   25  21
  165408   17  24
  203609   25  15
  210331    2  25
  211263    2   1
  148738   17  24
  144364   17  24
  180740   21  19
  151227   17  24
   51811    4  19
  159430   17  24
   25453   20  19
   62850   19  21
   82348    6  16
  211186    2  25
  162455   24  25
  173956   21  19
   81932   16   6
   76173    2  18
  211054    4   6
  196197   25   3
  183812   21  19
  202660   15   8
  140204   17  24
  146070    9   1
  180209   21  20
  209844    2   3
  210991    2   4
  221334   18   2
  171104   21  19
  222873    4  10
  150733   24  17
   75666   18   3
  158363    2   1
  211453    2   3
   37000   23   1
  161272   24  17
  108162    4  11
  195322   25   3
  211970    2   3
   34036   25  15
  158059   24  17
   41002    1   2
  212815    2   3
  212064   10  13
  157167   17  24
   39423   13  10
  211384    2  25
  163825   24   9
  204920   15   3
  209530   25   2
   22272   20  19
  220919   10   2
  212720   18   2
  195078    3   2
   81794   16  13
   20503   20  18
  154250   17  24
  162736   17  24
  202022   22   3
  170286    4   7
  189261   21  19
   43543    1   2
   38451    1  23
  220833   18   2
   37356    7  13
  202090    8   4
  148025   17  24
   52437   19  21
  142141    9  13
  156264   17  24
   46787   13   1
   40704    1  13
   19463   20  19
  148716   17  24
     385   18  12
   63131   19  21
  153103    9  25
  209626    2   3
  221444    2  18
   59572   19  21
  159861   24  17
  140895   17  24
   23871    5   4
  149180   24   2
   38495    7  13
   34839   13  15
  141854   24  17
  213329    4   6
   20302    5  10
  211932    4  10
  157693   17  23
  166823   17  24
  200566   15   3
  204029    8  15
  199316    3   2
   47764   13   7
  201556   22   3
  161141   24   2
   82154   16   6
  211144   10  18
  211841   10  15
  156823   24   2
  156037   17  24
  166098   24  17
  160134   24   9
  211216   25  24
   38212    7  13
  221067   18   2
  146075    2  24
   40746    7  13
  222647   18  10
  223089   18   2
   43316    7   4
  155079   24  17
   41440   23   1
   74415   18   6
  141934   24  17
  176203   14  13
   76971   16   6
  141323   17  24
  160444   17   9
  208658    4   6
  142192    4   8
   24091   20  19
  150284    2   1
   47239    7   4
  107683    2   3
  158961   17  24
   42128   25  13
  203329    3   2
   76400   18   6
   52988   10  14
  210634    4   8
  140994   17  24
  180630   21  20
  143420   17  24
  105927    4  11
   45317    1  23
   21594   20  21
  193207   21  20
   36904    7  13
   37245   23   1
  193045   21  20
  144531   17  24
  153744   24   9
   24684    5  20
  213052   18  23
  212896   18   2
   38580   25  23
   64651   10  19
  222523   18   2
  143771   24   2
  156252   17  24
  140267   24  18
  174589   21  14
    6300   10  12
  172367   14   4
  159454    2  17
  140268   17  24
  194902    3  22
   52054    4  19
  155392   24   2
  210197    2  23
  144185   17  18
   35673   13   7
  209544   25   2
  167307   17  24
  198651   22   3
   38811   23   1
  195729   15   8
  141603   24  25
  145152   17  24
   35133   25   1
  221855   18   2
  148962   17  24
   44522   25   9
  190899   14  13
  221661    2  18
  157985    9  17
  210709    4   8
  162676   17  24
  157412   24   9
   61910   19  20
   46250   13   7
  161605    4   9
  161627   24  25
  203520   22   3
  140876    2  24
  210061   10  15
  222302   18   2
  198464   22   3
  142634   24  17
  221921    2  18
  221742   18   2
   78745    6   2
   21471   10  20
  212253   10  25
  221009    2  18
  223002    4  18
    5717   18  20
   44253   23   1
   77411    6  18
   19196   20  21
  153685   24   9
  201727   22   3
  171661   21  20
  158968   17  24
  211030   25  18
  200726   22   3
   23383   20  21
  164009   24  17
  210597   10  13
  193832    3   2
  188175    4   7
  221883   18   2
  199505    3  15
  160740   17  24
  141672   17  24
  142427   17  24
  221983    2  18
  222631   10   4
  210011    4   8
   64585   19  21
   34544   25  13
  211240   25  10
  198476   15   8
   28225   20  19
  210620   25  24
  159939   24  17
   20545   10   5
  168852   21  14
  179323   21  14
   22909   20   5
  143061   24  17
   36572    7  13
  176990    4   7
  211786   10  15
  147181   17  24
   74612   16   6
  211578   18   2
  151524    9  24
  152931    9  24
  221848   18   2
  153723    2  24
   55635   19   2
  143254   17  24
  212881    2   3
   61388   19  21
  158190   24  17
   38078    1   3
  221413   18   2
   78142   16   6
    1359    4   6
  197159   15   8
   35377    7  13
  212905    2  25
   27250   20  21
  194854    8   3
  193739   15   8
  222237    2  18
  196214    8   4
  160458   17  24
   40830   13   7
  204757   22   3
  174607   21  19
  183611   21  19
   63426   19  20
   62518   19  20
  222827    4  10
   45852    1  13
  209763    2  25
  212625   10  15
   63196   19  21
   41199   13  20
   41969    1  23
   44752   13   1
   39761   13  10
  210253    4   8
  151568   17  24
   38032    1  13
  211614   10   4
  210537    2  25
  222716   10   4
  193588   21  19
  152056   17  24
  212225    4   8
  221876    2  18
  168570   25  14
  203172    8  15
  199314   15  10
  166610   17  24
  184341   21  20
  163937    2  24
   34018   13   7
  165366   17  24
  163212   17  24
  210887   18   2
   40214   13   4
  168953   21  14
   37464    7   6
   81123    6   4
  164799   24  17
   74427   25  16
  203207   22   3
  155851    9  24
   37335   25   1
   51534   19   4
   37096    1   2
  144556   24  19
  213079   10   4
  203183    8  15
  211121    2  18
   22141   20   2
  191323   21  20
  203507    3  22
  200619   15  10
  220867   18   2
  185862   21  19
  200150   15   8
   39126    7  13
  211746    2  25
  141039    2  24
  194631    8   4
  104924   18  21
  187547   25  21
  211646    2  25
  183304   21  19
  210696   25  10
  148465    2  17
  150792   24   9
   84328    2   6
  221730    4  10
   20190    5  10
  193905   25   3
   34312    7  13
   74408   16   6
   37635   13   7
   23806   20  19
  171516   14  13
   22210   20   5
  213087   18  23
  221973   18   4
  185878   21  19
  209912    4   6
  140424   24  17
  210092   18   2
   84634   16  15
  212108   25   2
  198365   22   3
  209707   25  21
  209699   10  25
  198089   22   3
  193920   15  10
  155832   17  24
  145565   17  24
  210393   25   2
  143334   24  17
  158081   17  24
  222201    4  10
  140081   17  24
  200531   22   2
  151800   17  24
  209840    4   8
   38582   23  18
  210246   25   2
  198641   15  10
  210669   18  22
  193180    4   5
   52295   19  20
   22690   20  21
  212019   18   2
   46341    1  23
  211373   10  15
   75136   18   2
  212495   10  15
  148985   17  24
   74205   16   6
   37581   25   1
  210528   10  13
  143265    2  17
   34151   23   2
  221272    2  18
   20692   20  19
  222476   18   2
  221689   10   2
    7215    4   6
  159796   17  24
   45865   25   1
  211675   10  14
  199575    8  15
  147160   24  25
  222317   18   2
  104582    4  18
  202064   22   3
  212031   18   2
   60858   19  20
   74247    6   8
  222463    4  18
  188866    4  14
  166357   17  24
  221857   18   2
   60826   19  20
   21009   20  19
  141309   17  24
   35777    7  23
  211790   25   2
  142597   24  17
   42633   25   2
   36621    1  23
   78053    6   8
  171892   14  13
  203856   22   3
  222298    2  18
  166113    9  17
  151860   17  24
  143478    9  13
  211753    2   3
  163096   24   9
   37269    1   2
   26777   20  19
   35440   23   1
   74889    2  18
  154675   24  17
  222230    2  18
  199129    3  22
  201042    3  22
  147188   17  24
   59142   19  23
  198105   25   9
  222003    2  18
   47278   23   1
  202327    3   8
  172193   21  14
  196389    8   3
  187179   21  19
   37884    1  23
   66307   19  21
  202296    8  15
  213275   10  15
  202214   22   3
  195096    8   4
   34024   25   1
  195627   15  10
   59291    4  19
  160929   17  24
  210086    2   1
   34013   13   1
   36401    7   4
  165276    9  13
  211982    4  13
  208494    4  12
  181006   21  19
  202063    3  22
   27089    5  20
   35305    7  13
  209698   10  15
  156235   17  24
  173960    4  13
   22434   20  21
   35206    1  25
   24845    2  13
  182428   21  17
   55064   19  20
  222724    4  10
   34984   25  13
   25409   20  21
  148221   17   9
   43069    1  23
  194130    3   2
   38058    1   7
  159345   24  17
  147192   24  17
   33399   10  14
   54604    4  19
  199479    3  15
  161919    2   9
  221809   18   2
  166867   17  24
  210182    2  25
  195789    3  22
  144870   24  17
  199014    3  22
  203387    3  15
  222861   10   4
  209706   10  15
  212717    2   3
  196020    8  15
  202491   22   3
  222172    4  10
  200885    8  15
   55194    4   5
  223062   10   4
  155966   17  24
  153780   24   9
  150132    4   7
   77106   18   2
  212119    2   4
  211341   18   2
  142296   24  17
  144042   17  24
  202637    8   4
  194246   22   3
  176631   21  20
   29746    2  20
  151808   17  24
  213505    4   6
   24184   10  14
   78783   16   6
  141498    9  10
  197943   25   3
  195655   22   1
  161824   17  24
   37162    1  23
   43108    7  13
  199811   22   3
  174978   21  14
  222904   18   2
  167937   21  20
  169850   21  20
  202313   15   3
  148978   24  17
  142590    2   1
   36860    1  23
  212008   25   3
   33497    5  10
  147877   24  17
  209969   25   3
  180327   21  20
    1442    4  12
   78414   16   6
  212835    2   3
  201611   22   3
  161816    2  24
  212202   18   3
   79820    2   6
  203676   22   3
  195300   22   3
  154074   17  24
  155399   17  24
   35062   23   1
  185105   21  20
  157042   17  24
  170880   14  21
   37781    1  13
   84639   18   2
  144741   24  17
  145743   17  24
  150806   17  24
  151647   24  17
  141795   24  17
   80470   18  16
   23303    5  20
  221750   10   4
  213167    4   6
   76918   16   6
  145609    2  17
  106744   11  18
   35065   23  18
  211729    2  13
  141845   24  17
  210775    4  10
  194625    8  15
   46748    7   4
  157428   24  17
  212454    2  10
  186598   21  20
  209869   18  23
  196814   22   3
  196102    3  22
  141225   24  17
  211314   10   2
   36141    1  23
  160914   17  18
  210978   18   2
  166916   17  24
   54250   19  20
   45598   13   1
  212130   18   2
  184158   21  20
  191226    4   6
  195891    8   4
   38765    7  13
   77167    2   6
  151632   24  17
  198289    8   4
    2564   12  11
  210943   18  23
  156929   17  24
  174674   21  19
  221084   10   2
  145438   17  24
   38358   13   1
   21324    5  10
  196557    8  15
  167318   17  24
  143781   17  24
  152209    9  17
  211330   25  18
   83784    6  16
   79653    6  16
  222856    4  10
  204934   15   4
   51455   19  21
  206041    3  22
  200614   25   3
   19630   20  23
   22293   20  19
   78981   18   6
  206052   22   3
  205810    8   4
   36011    1   2
  211145    4   8
  211086   10  15
  201726   25  10
  160466    9  13
  211085    2   3
  196165   22  18
  223009   10   4
  201942   15   3
  198284    3  22
   80221   18   2
   39038    7  13
  144525   17  24
  200443   22  18
  196636    8  15
  196658    8   4
  220956    2  18
  212735   25   2
  186053   21  19
  211447    4   8
  211615   10  15
  221051    2  10
  200392   15   8
  209858   18   2
  144952    9  14
  198128   25  15
  140293   24   2
  158508   24  17
  197984    8  15
   58935   19  20
  201878   22   3
   19263   20  19
  196714    8   3
   81475   16   6
  143571   17  24
  210521    4   6
   19232   20  21
  211723   10   2
  185794   21  19
  212919    4   8
  205327    3  15
  194458    3  22
  198696   22   3
   43748   13   7
  221751   10   4
   47071   23  13
  210832    2  10
   44487   25  13
  212863    4   7
  147705   17  24
  146022   24  17
   35758   25   1
  151162    9  24
  145058   24  17
  154735   17  24
   77169    6  16
   20402   20  19
  193797    8   3
   23499   20  21
  212481    4   8
  211741   18  25
  154154   17  24
  165358    9  24
  149563   17  24
  162003   17  24
  165577   17  24
  212126   10  13
  221692    2  18
  210720    2  18
  196670    3  22
  209691   10  15
  195591    3  22
   38329   13   1
  212557    4  10
  211342    4   8
  154288   17  24
  205685   22   3
  158793   24  17
   38711   25  13
  161920   17  24
  149052   17  24
  204648    8   6
  158469   24  17
   74762    6   8
   35993   23   7
   35826   23   1
  201060   22   3
   42815   25  13
   25969    2  20
  210096   10  15
  209599   18   2
   19925    5   4
   46524    1  23
  211434   10  15
  154396   17  24
  221841   10   4
  201342   25   3
  210170    2   3
  182253   21  19
  166724    9  17
  188583    4   7
   69232   19  20
   24586    5  14
  165753   17  24
  221786    2  18
   35969   23   1
   39608   23   1
  221440    4  10
   82675   18  16
   46154    7  13
   36282    7   4
  140271   17  24
   34336    7   4
  210545   18   2
   44576    1  23
  209911    4   8
  165508   17  24
   24719   20  21
  200486   22   3
  156938   17  24
   19565   20  21
  151835    9  14
  210149   10  14
  144337    9  24
   74179   16   6
  200772   15   8
   78672   16   6
  212394   10   2
   34124    1   7
  212017    2  18
   78077   16   2
  222439    2  18
   38279   25   2
  168121   14  21
   36623    7  13
  156728   24   2
  157510    2  24
  157137   17  24
  213232   18  22
  140960   17  24
  179091   21  19
  200629    3  22
  213383    2   3
  166922   17  23
  141757    2   1
   42332   13  10
  158297   17  24
  165610   24  17
  155349    9  24
  147880   17  24
  156723    4  10
  149388   24  17
  147225   24  17
  173615    4  14
  153135   24   2
  222404    4  10
  194361   22   3
  210548    4   7
   19627   20  21
   43226   23  21
  182733   21  19
  154846   24   2
  210592    2  25
  204204   22   3
  159107   24   9
   37339   23   1
  160824   17  24
  183756   21  19
  186008   21  14
   35079   13   9
  183028   21  14
  150929   17  24
  171847   25  21
  212602    2  25
  199705   25   3
  167606   21  20
  194280    8  15
  159553    9   4
  198646   25   2
  198237   25  15
  198802   15   3
  202937   25   3
  159193    9  24
  155157    9  10
  141914    2  24
  148753   24  17
  195991   22   3
  171103   14  13
   34841   13  15
  221068   10   2
   28781   10  20
  143959   17  24
   34085    1  13
  222430   18   4
   20097    5  14
   54108   19  20
   34461   23   1
   34958   13   9
  197985   22   3
   23513   20  21
  161701   17  23
  166111   17  24
   37563   23   1
  195551   15   3
   26948   10   5
  152963   17  24
  143310   17  24
   35619    1  23
  221536    2  18
   43077   13  14
  152511   17  24
   34731    1  23
  150809    9  10
  105034   11   4
   59579   19  21
  211913    4   8
    2327   12  10
  182605   21  19
  153528   24  17
  145192   24  17
  204874   22   3
   38721    1   2
   36223    7  13
  160695   17  24
   79429    2  16
   30138    5   4
    1264    4   6
  209593   10  25
   19365    5   7
  143886   24  17
   34196   25  24
  160675   17  24
   39535   13   7
  210456    2   3
   38145   23  13
  148247   24  17
   34683   25   2
   58699   19  21
  171395   21  19
   37099   13   7
  200774    3  22
  210640    2  18
  195337    3  22
   63458   19  17
  196370    3  22
  141211   17  24
   76784   16   6
  143618   24  17
  180217   21  19
  222126    2  18
  170874   21  19
   76773    6  16
  211122   25  18
  203280    8   4
   35752   25   1
  155282   17  24
  155547   24   2
  141158   17  24
  164010   17  24
  197956    8  15
  200309   15   3
   36518   25   3
   58707   19  18
   75008    6  16
  163133    2   1
   57475    4  14
  221990   18   2
  166660   17  24
  201325    3   2
  196849    8  15
  141649   17  24
  210667   10  15
  201374   22   3
  199134   15   8
   64013   19  21
  209788   18  23
  142582   17  24
  167046   17  24
  159663   17  24
  210488   18  23
  210516   10  15
  175203   21  19
  152420   17  24
  140612   17  24
   75685   16   6
  140660   17  24
  152194   17  24
   62720   19  18
  108340    4  11
  210455    4  10
  198579    3  22
  210611   18   2
  202773    8   4
  210703   10   4
  209951    2  25
  197812   25   3
   37266   13   9
   44909    7  13
  143299   17  24
  211171   25   2
  211098   25  24
  202096   15   8
  146069   17  24
  144090   17  24
  183273   21  19
  212453    4   8
  175451   21  19
   30756   20  19
  193693   25   2
  222140   18   2
   80518    6  16
  196838    3  22
   27918    5  20
  151948   24  17
  187057   14  21
  203977   22   3
  166720   17  24
  159488   24  17
  191515   21  19
  151320    9  13
   37511   25   1
  180252   21  19
  190547   14  21
  193078   21  20
  197627   15   3
   79719    2   6
  145265   17  24
   51689    4   5
  204068   22   3
   20586   20  14
   40378    1  23
  153614    9  24
  210969    2  18
  147964   24  17
  142969   24  17
  203078   25   3
  210399   10  13
  196316   22   3
  143518   24   2
  169278   25   1
  199759    8  15
  211945    4   8
  194293   25  15
   41046    1  13
  154168   17  24
   59538    4  14
  153936   17  24
  197163   22   3
  142880    9  11
  170894   14  13
  201928    8   7
   33924    1   3
   38171   13  10
  210999    4   7
  148939   17   9
   23588    2  20
   19860   20  21
  155198   24   9
  157121   17  24
  141534   17  24
  141130   17  24
  146735    4   7
  163049   17  24
  176523   21  20
  140858   17  24
   41968   23   1
  172296   21  19
  149336   17  24
   22052   20  21
  212122    2  25
  170183   21  19
  176027   21  20
  143740   17  24
   78284    6  16
  209748    4   7
   80136    2   6
   22167   20  19
  143416    9  24
   21592    5  20
  221199   18   2
  162646    4   7
  206131    8   6
  196293   15  10
  199370   22   3
  168724   21  19
  209565   25   2
   25088    5  20
   47987   23  18
  210715    2  10
  205202    3   2
  213515   10   7
  221158    4  10
  221195   18   2
  200352    3  22
  201170    8  15
   38150    1  23
  154917   24   9
   34766   23   1
   62021   19  20
  210763   10   4
   27668    2   5
  160471   17  24
  212501   10  15
   59286   19  20
  152250   24   9
   36649    7  13
  146174   17  24
  198847    8   4
   54264   19  21
  203723    8  15
  149351   17  19
  211639    4  10
  156683   24  17
   43754    1  13
  140694    2  24
  211056    2   3
   19772    2  20
  209549    4  18
   31675    5  10
  163191   17  24
   79176    6  16
  171203   21  19
  187133   21  20
  153939   24  17
   80529    6  16
  174393   21  19
   36881    1   7
  182134   14   4
  142586   17  24
  149844   17  24
  195546   15   3
  195281    8  15
  199894   22   2
   43636    7  13
  209568   10  15
   41398   23   1
   45932   13  15
  164008   24   9
  210652   10  13
   25961   20   2
  210814    4   8
   37015    1  23
  210003   18  19
   20975    5  20
   20583   10  20
  175779   21  19
   55376    4  19
  191398    4  13
  211033   10  15
   45112    7   4
   74638    6  16
  221548   18   2
  199164   25   3
   63965   19  21
   34430    7  13
  140229   17  21
   78779   16   6
  166064   17  24
   55606   19  20
   20821    5  20
   39919    1  23
   44430   25  13
   40015   23   1
   82652   16   6
   39730    1  23
  212749   18   2
  157304   24  17
  145541   17  24
   65420   19  21
  210006    2  15
  211917    2   3
  222132   10   4
  158159   17  24
  159394   24  17
  149686   17  24
  149952   24   9
  200449   15   3
  153710   24  17
  166171   17  24
  205686    8   4
  211616    2   3
  145593   24  21
  193624   14  13
   75717   16  15
  151866   17  24
   35114   23  20
  204277   22   3
  210693    4   7
  221045    4   2
   77202    6  16
  212214    4  10
  210034    4   6
   41572   13   2
   28678   10  14
  146640   17  24
  165928   24  17
  201864   22   3
  211472   10  15
  150800   17  24
  166371    4   7
  184118    4  14
  210945    2  15
  210176   18   2
  158335    9  14
   35462   23   1
  182891   21  20
  199502   22   3
  161120   17  24
  194407   15  10
  212685    2   3
   47097    7  13
  213141    2   1
  153478   24  17
  211360    4   7
  153903    2  23
   36808    7  13
  175088   21  19
  141561   17  24
  220990    2  18
  203732   15   3
   38663    7   4
  166170   17  24
  141896   24  17
   58799   19  21
   34102   23  20
  171724   21  14
  194864    3   2
   36267   13   7
  148928   17  24
   37583   25   1
   34747    1  13
  212033   10   8
   38818   13   7
   80609   16   6
  172041   21  14
   37149   13   9
  155061   17  24
  212856   25   1
  222498    4  10
  161971   17  24
  145403    9  17
  192728   21  20
  162905   17  24
  191119   21  19
   75830   16   6
   75234   18   2
  212524   10  15
   24130   20   5
  198751   22   3
   35674   13   9
  200136    3   2
   34723    1  23
   40820    1  23
  203932   15  10
  162576   17  24
  208890    4  13
  212599    2  25
  178096   25  14
  163027   24  17
  209932   25   2
  168247   14  13
   40150   23   1
  146341   24  17
   76703   16   6
  166781   24  17
  141416   24  17
  149687   17  24
  209867   10  15
  160751   17  24
   21160   20  21
  150850   17  24
  213144   18  20
  194376   15   3
  148096   17  24
  209681   10   2
   79073   16   2
  196171   15   8
  202138    8   4
   44226   13  14
  145633   17  24
  174877   21  20
  212984    4   2
  195816    3  22
  151106   24  17
   37650    1   2
   43193    1  23
  194455   22   3
  166963   24   2
   34836    1   2
  184264   21  19
  211174   25   2
    4093   18  17
  152803   17  24
  149127   24  17
  194416   25   2
  168499   21  20
   47343    1  13
   38292   23   2
   63819   19  17
   44993   13  14
  211497    2   1
  157460   24   9
  222255    2  18
  150586   24  17
  209829    4   7
  209725   25   2
  203736    3   2
  147412   17  24
  210446   25   2
  210012   25   3
   23819   20  21
   42694    7   4
  198151   15   8
  211377    2   3
     464    4   6
  200472   22   3
   52751   19  21
   21850    2  20
  212242    4   7
  147144   17  24
  221246   18   2
  210939   10  15
  145454   24  17
  222775    2   4
  212024    4  10
  149400   24   9
   21854    2  20
   43199   13  23
  159771   24  17
  202913   15   3
   45332    1  23
  171193   21  13
   39101   23   1
  221399   18   2
   40424   13   9
  157131   24  17
   80866   25   2
   38591   23  21
   34184    1  13
   48141    1  13
   81389   16   6
  220866   18   2
  145481   17  24
   36146   13   1
   38863   13   1
  154744   17  24
  204657   15   3
  199616   22   3
  205094    3  22
   33334    5   2
   63428    4  19
   45446    1   2
   57119   19  21
  198643   22   3
  201542   22   3
  209704   25   2
  199959    3  22
   23394    5  20
   54588   19  20
  161269    4   7
  212252    4   8
  161538   17  24
   35399   25  23
  153802   24  17
  211534   10  13
  159664    4   9
   40984    1  18
  198687    3   2
  212339   25   2
  210804   10  15
  204652    3  22
  212387    4   6
   34079   23  13
   23627   20  19
  211346   25  24
  165802    9  17
  212003   25   2
  195728    8  15
  195215    3   8
  205148    3  22
  202497   15   3
   59629   19  21
  210561   10  15
  189501   21  19
  194443   15   3
   39360   13   2
  203649   22   2
  221788   10   4
   38147    7  13
  145936   17  24
   32629    5  20
    1257    2  12
  198065    8  15
  212628    4   6
   83167   16   6
   38508   23   1
  155656   17  23
  159824   17  24
    1664    4  12
   74359    6  16
   80423    2  18
   60758    4   5
  169753   21  19
   36983    1  23
   35479    1  13
  212467    4   7
  151314   24  17
  198165    3  22
   37828    7   6
   38792   23  18
  209986    2   1
  212148   18   2
  178336   21  20
   24973    5  20
   77746    6   8
  162208    2  24
  188236    4  14
  194925   22  18
  163905   17  24
  212763   10   2
  210027    2  10
  197493   25   3
  157941   17  18
   52895   19  20
   43454    1  13
  193831    8  15
   61373   19  20
   35387   13  25
  210432   25   2
  105757   25   2
   47251   23   1
  201409   22   3
   79888   16   6
  222511    2  18
   36540   13   1
  164206   17  24
  150382   24  17
  142997    2  24
  204714   15   3
  199576   15  10
  212239   10  16
  211326   25  18
  192130   21  19
  189796   21  23
  198669    3   1
  221686   18   2
  169103   21  19
  213347   18  17
  204537    3  22
  154881   17  24
   25513   20  22
   35585   23   1
  212619   10  15
  205522   22   3
  198901    3  22
  157106    2  24
   41341    1   2
  202605   15   8
  209813    2   3
  205573   22   3
  160300   17  24
   44904   25  13
  187429   21  20
   75155   16   6
  202968   25   3
   52375   19  20
  147894   17  24
   34878    1   2
  193716   22  18
  169252   21  20
  198542    8   4
   19852    2  20
  212400   25   2
  203926    8   4
  146167   17  24
   53663   19  20
  213107   10   9
   28179   20  19
  161876    2   1
  204979   25   3
   36629    7  13
  213485    2   3
   35510    1  23
  144051   17  24
  220994   10   4
  204099    8   4
  143145   17  24
  146280   24  17
  209562    2   3
  173238    4   7
  223050   18   2
  161273   24  17
  173008   21  20
  211221   10  15
   37892   23   1
  146630   17  24
   45829    1   2
  163156    2  17
   75533   16   6
  213320    2   3
  211742    2  18
  203171   22   3
  212516   25   2
  209906   10  15
   80302    6  16
  166166   17  24
  147888   17  24
  195307   25   3
  181380   21  14
  152395   24  17
  183314   14  13
  164349   17  24
   80587    2   6
  141076   24  17
  212063    4  10
   37378    1   2
  210168    2  18
   20257   10  20
  148954   24  17
  158898   17  24
  220842   18  10
  177133   21  19
  161916   24  17
  202759   22   3
   79638   16   6
   32852   20  19
  205105    3  25
  221505    4  18
  200246   22   3
   21526   20  23
   75245    6  16
  148161   17  24
  210269   25   2
   47065   25   7
  150117   17   9
   28129   20  19
  202484   22   3
  202280    3  22
  201537   22   3
  156665   24  17
  210021    2   1
  222030   10   4
  140288   24  17
  157193   17  24
   43781    1  23
  140107   17  24
  211976   18   3
  104173    4  11
   75795    6  16
  207420   18   4
  160062   17  24
   36603    1  23
  144446   17  24
  212971   10   4
  210759   10   4
  195453   22   3
  149159   24  17
  161905   17  24
  164967   24  17
  194690    8   4
  198613   15  10
   28232    5  20
  149648    9  14
  212528   18   2
  221354    2  18
  212752    2  18
   44280   13  16
   32626    2   1
  157520   17  24
  222454   18   2
   23024   20  21
   74651    6  18
   38598    1   3
   39686   23   1
  177317   21  18
  205627   22   3
  193512   21  20
  210997   10  15
   44339   25   1
   59921   19  20
  147175   24  17
  195756    8  15
  187942   25  21
  173905   21  19
  141105   17  24
   25357   20  19
  106840   11   6
  148550   24   2
   79168   16   6
  169377    4   7
  165233    2  24
  193082   21  14
  212854   25   2
  209665    2   3
  213364    4  10
   26639   20  21
  194856   15   3
  221877   10   4
  167497   21  20
  155806    2  24
   43630    1  23
  210505   25   3
  149734    9  13
  144778   24  17
  161175    9  13
   75940    2  18
  149870    4   9
  145518   17  24
   36527    1  23
   43395    1   2
  142099   17  24
  202684   15  16
   39519    1  13
   40096    1   2
  165380   17  24
  212053    4  16
  144665   24  17
  142386   17  24
   48147   13  10
  166560   17  24
   34760    7   4
   32988   20   5
  194379    3  15
  169646   21  20
     383    4  12
   74814   16  15
  210357    4  18
  210975   10  15
  210935   25  10
  142753   17  24
      58    4  12
   45323   13   7
   23992   10  20
  149980   17  24
  142644   24  17
  194992   15   8
   39262   23   1
  157714    9  14
   26150   10  18
  210315   10  15
  210677   25   2
  210871    2   1
   36462    1  13
  194985   22   3
  147852   17  24
   40803   23  13
  212626    2   1
  180766   25  14
  212523    2   3
  165596   17  24
  212936   10  15
   81805    2  18
   21105   20  21
   19242   20   5
  149939   17  24
  155110   24   9
  197437   22   3
  166608    9  17
  149093   24  17
  174346   21  19
   38318    7  13
   45318   13   9
  197801   25   3
   35547    1   2
  220958    2  18
   57849   19  21
  145676   24  17
   36001   13  14
  203877   22   3
  163113   17  24
  203092   15   8
  147358   24  17
  159524   17  24
  210650   25   3
  161834   24  17
  159935   24  17
  151091   17  24
  211590    2   3
  185657   21  19
  164279   24  17
  222149   10   4
  164566   17  24
  167617   21  19
  177162   25  21
   43720   13   1
  181741   21  14
   39966    1  13
  211682    2   3
  147320   24  19
  210311   18   2
   34277   13  10
  169591   21  14
  151297   24   9
  180286   21  19
  211805   25   2
   41863   13  10
   35036    1   2
   75601   16   6
  195271    8   4
  159152   17  24
   77238   16   6
  210248    2  18
  185890   21  20
   44341   23  18
  212987   25   9
  211078   10  15
  159368   17  24
   34121    1  23
  146851   17  23
  140919   17  24
  157925    9  13
   43691    7  23
   45499   23   1
  203137   15   6
  212176    4   8
  164747    4   7
   38620   13   7
   34918    1  23
  159946   24  17
  195345   15   9
  154894   17  24
   37084   13   1
   63149   19  21
  222074    2   4
   74519   25   2
   37292   25  13
  203427   22   3
  222263   10   4
  184539   21  20
  201021   25   3
   26632   20  23
  145110    9   4
   53147   19  20
  222536    2  18
  213262   18   2
  222596    2   4
  204924    3  22
  146581   24  17
  200361   22   3
  196811   25  10
  209874   10  15
  221446   18   2
  164648   17   9
  195140    3  18
   35101   13   7
   44626    1  23
  156793   17  24
  195475   15   3
  190979   21  19
  160321   24  17
   41008    1  23
  183524   21  14
  160970   17  24
  210400    2   3
   43242    7  13
  203595   22   2
  142223   17  24
  209846   25   2
  213064    2   1
  222585    2  18
  205325    3  22
  181645    4  13
   19795   20   5
    1254   12  10
  161219   17  24
   38673    1  13
  106776   11  12
  156488   17  24
  211664    4   6
  162958   24   9
  207044    4   6
  213047   10   4
  161470   17  24
  184441   25  14
  140219    4   9
   78017    2  18
  196753   25  15
  146604   17  24
   77825   16   6
  211537   10   7
  196832   22   3
  140322    2  17
  155672   24   2
  202021   15   8
   36830    1  13
  212311    4   6
  173244   21  14
  141829   24  17
   35189    1  23
  197470   22   3
  195338   15   8
   75607    2  16
  222757   18   4
  142863   24  17
   75659   18   2
   20726    5  20
   75377   16   6
  197349   22   3
  141174   24   1
  141044    9  14
  210256    4   8
  201925   25  15
   35811    7   1
  195886   15   3
  221654   10   2
   24806    2  20
  148597   17  24
  158590   17  24
  176512   21  20
  146727    9  25
  153688   17  23
  211289    2   3
  164957   17  24
   52592   19  21
   36752   23   1
   79706   16   6
   77265   18   6
  165769    2   1
  164916   24  17
  179430   25  24
  170300   21  19
   34650   13   7
   42341    7  13
  202287   22   3
  181248   21  19
  188613   21  23
  156358   24  17
  211529    4   7
  212929    4   8
   74857   18   2
  209919   18  23
   74441    6  16
  159030    2   1
  202797   22  18
  212601   25   3
   42076    1  23
  160260   24  17
  194559   22  18
  163797   24  17
  174302   21  20
  222354   18   2
  211163    4   6
  209664   18  23
  194077   15   3
  205109   15  10
  160247   17  24
  189014   21  20
  151595   24  17
  210791   25   2
  222547   18   4
  195621   22   3
  201739   25   3
  211095   18   2
  212370   18  10
   36015   25  13
  144380   17   9
  142966   17  24
  176432    4   5
  149373    9  24
   47291    7  13
  192671   21  19
  213277   18   2
   56168   19  20
  154241   24   1
  144985   17  24
   52381   19   4
  140358    2  17
  159769   17  24
  168106   21  14
  207253   25  10
  221178    2  18
   34801    1  18
  173774   21  20
   40785    1  18
   44484    7   4
  200372    8   4
  212696   18   2
  211546    4   8
   35182   13   1
  162378   24  17
  202728   22   3
   26282    5   4
  164721    2   1
  212649   25   2
   27260    5   4
  198244    3  22
  195245    8   4
  164722   24  17
  158376   17  24
  146160   24  17
   75269    6  16
  213060    4   7
  210654   10  13
  210262   25   2
   36454    1  13
  165988   17  24
  195339    3   8
  140234    9  13
   35346    1  23
  185158   21  20
  203791    8  23
  155801   24  17
  147769   24  17
   38860   13  10
   36673    1   7
  152873   17  24
   28291   20  19
  144873    2  24
  154912   24  17
  151534   17  24
  212584    4   8
   30927   20  19
   66031   19  20
  209955   25   2
  194645   22   3
  197043    3   2
  194180    8  10
  168109   14   4
  221502   18   2
   23271    2  20
  171372   21  19
   34425    1  23
  153030    2  24
   44873    1   2
  147168    2  24
   34831   23   1
  210533   10   4
  211890   10  16
  142055   17  24
  150291   17  24
   43728    7  13
  211203    4   8
  142861   24  17
  210976    4   8
  194979   22   2
  221887   18   2
  180396   14   9
   44519   23   1
   84631    6   7
  145400    9  14
   19901   20  23
   22926    2  20
  211185   25  24
   46701    1   2
  142397   17  24
  204704   22   3
  141199   24  17
  209669   18   3
  222556    2  18
   39657   13   1
   74568   16   6
   48501    1   2
  199563   25   3
   39495    1  13
   37018    7  13
  161369   17  24
  213299   18   2
  211217    2  10
   31490   20  19
   29143    5  20
  147131   24   1
  185929   21  19
   24002   10  13
  210824    2   8
   23957    5  20
  147600    9  24
   27550    2  20
  221959   18   4
   78460   18   3
  210144    2   3
  153638   24  17
  177553   21  19
  149794    4   7
  208782   25   2
  210512   18   2
  161149   17  24
   36739    1  23
  205372   22  18
  209875    4   8
  205776   22   3
   38700   23  13
  213357   10  15
  211914    2   3
  170657   14  10
  222205    2  18
  188597   21  19
  202588   22   3
  222980    2  18
   35512   25  18
    2428    2  18
  197942   22   3
  210502   25  10
  196773   25   3
  166818   24  17
  158712   17  24
   63318   19  20
  198300    3  22
   83825   16   6
  153769   17  24
  171480   14   9
  211708   25   2
  164738   24  25
   22087   20  21
  144604   24   9
  195060   15   8
   46542    1  23
  211965   18   2
   38156    1   2
   23510   10   5
  211172    4   8
  222491    4  18
   79128   16   6
  212248   18   6
  144085   24   9
  222741    2  18
  105072   11  18
  211436   25   2
   29526    2  20
  209648    2   3
  212884   18   2
  144147   24   2
   42692   25  13
   83843    2  18
   35309    1  13
  201026   22   3
  185059   21  19
   74275    6   4
  221284    2  18
   26430    2  20
   35808    7   4
  142028   24  17
  211631   10  15
  210222   10  15
  169896   21  19
  173379   21  20
   74316   16   6
  147080    2  18
  210473    2  25
   33976    1  13
  211897   25   2
  212251    2   3
  151916    9  24
  147342   17  24
  209970    2  10
  193710   25  15
   81001   16   6
  158368   17  24
  142007   24  17
  156328   17  24
   22998   20  19
  222471    2  18
  198564   15   3
   34439   23   1
   41697   23   1
   24728    5  20
  144937   17  24
  152862   17  24
   38102    7  13
  184279   21  19
  221053   18   2
   39735   13   9
  163444   17  24
  186348    4  14
   39749   23  20
   61484   19  21
  143345   17  24
  194441    3  11
  173372   21  20
  195668   25   3
  106408   11  18
  149643   24  17
  195416   22   3
   19181   20  19
  210459    2   3
  210429    4  15
  158249   17  24
  183585   25  24
  221240   18   2
  165022   24  17
  212334    4   8
  211500    2   3
  187187   21  20
   44653    1  18
   34690    7   4
   34272    7  13
   39098   23  18
  163211    9  24
  149914   17  24
