    205719    3   0
    211267    0   4
    195138    2   0
     29987    1   3
    206167    1   2
    143573    3   4
     36223    1   2
    146271    2   3
     44689    3   0
     35529    2   1
    210730    0   3
    194280    1   2
    211861    4   2
    209628    1   2
    147779    4   2
    161549    3   4
    206763    2   4
    222782    2   1
    158255    3   4
     21324    1   2
    168121    2   3
    197961    3   0
    213273    3   2
     78981    3   1
    221190    0   3
    196777    2   0
     44261    3   0
    143391    3   4
     44591    4   0
    184810    3   2
    199129    0   3
    148597    3   4
    203856    3   0
     81381    3   0
    210015    4   0
     29984    2   1
    140960    3   4
    140024    3   4
    220922    1   2
    203949    3   0
     74671    1   2
    222296    2   3
     35808    1   2
    198065    1   2
     63428    1   3
    148161    3   4
    147931    4   3
     40762    1   2
     38145    3   2
    212550    4   0
    152803    3   2
    145871    4   3
     45387    1   2
     37099    2   1
    152650    4   3
     83843    0   3
    159524    3   4
     26081    1   3
     23271    0   3
    154675    4   3
    193705    3   0
    159451    3   4
    210053    2   1
    158368    3   4
    185001    3   2
     44223    1   2
    223062    2   1
    211030    4   3
    222849    3   0
     79168    2   1
     35420    0   2
    160350    0   3
    205174    3   0
    197752    3   0
    166406    3   4
    147225    4   3
    212166    4   0
    152401    3   4
    144851    3   4
    160299    3   4
     76666    2   0
    163428    4   3
    149523    3   4
     80140    4   2
    167853    3   4
    185367    4   3
    144051    3   4
    197942    3   1
    166238    3   4
    196814    3   0
    220955    2   1
     41337    2   3
    213206    3   0
    212749    3   0
    223025    0   3
    155703    4   3
     39714    2   1
    213487    2   0
    156155    4   3
    193846    1   2
    210042    0   3
     37624    2   1
    209749    4   0
     74506    1   2
    212171    0   3
    201976    0   3
    222983    3   0
    204610    2   1
    221547    2   1
    149388    4   3
    197612    4   2
     34982    4   0
     41272    4   2
    157428    4   3
     42164    0   3
    196017    0   1
     35739    1   2
    203663    3   0
    222719    3   0
    211307    3   0
    212884    3   0
    206041    0   3
    153730    4   3
    160062    3   4
    147880    3   4
    196448    0   3
     43754    0   2
    153614    2   4
    205021    3   0
     38700    3   2
    163937    0   4
    212747    4   0
    160357    4   0
    211751    4   0
     77381    4   3
     33914    3   0
    189367    3   2
     23122    3   1
    194371    0   3
     80587    0   1
    210220    2   0
    145773    3   4
    105830    4   3
     82675    3   2
     43732    4   0
    104849    4   2
    152274    3   4
    154062    3   4
    144136    2   4
    222647    3   2
    148591    0   3
    210696    4   2
    157165    2   1
    168692    4   3
    213077    0   2
     40013    4   0
    222944    0   3
    220951    0   3
    197106    0   3
     81153    0   2
     44683    3   0
    221095    2   0
     78142    2   0
    211304    0   3
    209739    4   3
    167289    4   3
     41440    3   2
    147689    4   3
     34591    1   2
     30540    1   3
     83013    4   2
    154723    4   3
     35782    0   3
     43017    3   0
    222664    3   0
    212735    4   0
    151106    4   3
     77311    0   2
    142860    3   4
    145518    3   4
    209700    3   0
    206650    0   3
    159430    3   4
     32051    1   3
    165833    4   3
    141896    4   3
    151990    3   4
     35723    1   0
    141561    3   4
     75795    1   2
    156263    3   4
    211215    0   4
    193701    2   1
     74536    2   1
    150716    3   4
     78622    3   0
    222282    1   3
    212122    0   4
    222404    1   0
     38237    4   0
    223035    1   3
    199308    2   0
    222089    2   1
    200984    2   1
     20453    0   3
    161317    3   4
     76828    1   2
     60863    2   3
    144495    4   3
    221540    3   0
    222230    0   3
    157042    3   4
    178057    1   2
    140358    0   4
    212873    0   3
    196929    4   0
    158248    3   4
     36544    3   0
    210603    4   1
     37513    3   0
     78556    1   2
    201772    0   2
     52660    1   3
    209649    3   0
    200013    3   0
     39069    2   1
     46321    2   0
    210502    4   2
     84543    0   3
    156938    3   4
    180632    4   3
    212284    2   0
    204979    4   0
    222053    3   1
    221786    0   3
    156336    4   3
      2769    0   2
    106086    2   1
    143574    3   4
    194645    3   0
    204537    0   3
    211255    3   0
    154021    3   4
    104162    1   2
    212476    2   0
    205213    3   0
     80529    1   2
    152572    4   3
    213509    4   0
     36123    3   0
    166281    2   4
     74427    4   2
     79293    3   0
    105531    1   3
     76416    2   1
    154894    3   4
    145267    3   4
    157419    3   4
    157520    3   4
    210774    4   0
     36603    0   3
    194376    2   0
    160247    3   4
     74552    0   3
    200201    3   0
    201715    4   0
     39566    0   1
     37200    4   0
     79420    0   3
    197801    4   0
    147756    3   2
    106228    3   2
    210968    0   4
     19595    2   0
    160824    3   4
    164401    4   0
    107414    0   3
    200392    2   1
     76003    3   0
    197868    2   1
    108340    1   2
    197700    3   0
    222932    0   3
    211258    0   3
    198165    0   3
     21592    1   3
     26948    2   1
    195948    0   3
    198416    3   0
    199729    0   3
     35974    4   0
    223086    3   1
    148237    0   4
    197554    3   0
    203520    3   0
    209950    4   0
    159454    0   3
    221270    2   1
     40045    0   3
    200060    0   3
    104666    0   2
    147905    4   3
    144911    3   4
    195072    3   0
     44574    0   3
    161149    3   4
    144364    3   4
     37339    3   0
    159975    3   2
    151923    4   3
    161256    4   3
    140702    2   4
     38227    2   1
    150801    3   4
    221340    0   3
    211898    2   0
    221064    3   0
    211741    3   4
    168106    3   2
    200744    3   0
    206074    3   0
    209837    4   0
    158792    3   4
    211080    3   0
    142698    4   0
    212400    4   0
    222198    0   3
     34959    2   0
    150345    4   3
     74698    2   1
     35889    3   0
    143559    4   3
     38580    4   0
    173615    1   2
    211857    4   0
    194455    3   0
     76354    1   2
     39156    4   0
    201042    0   3
    222003    0   3
    200725    4   0
    206819    1   2
    144363    4   3
    207158    2   1
     33248    1   3
    211729    0   2
    212564    3   0
    221630    0   3
    144335    3   4
    210168    0   3
     41244    0   2
     35462    3   0
    210012    4   0
    211746    0   4
    140380    3   4
    197015    3   0
    222775    0   1
    203183    1   2
    166113    2   3
     35758    4   0
    140204    3   4
    195991    3   0
     36527    0   3
    164462    3   4
     37642    3   0
     81760    2   1
    146174    3   4
    158917    3   4
     35309    0   2
    155271    2   4
    194992    2   1
     37037    2   0
    204068    3   0
    206015    2   0
    140895    3   4
     77556    0   4
    166989    3   4
     36697    2   1
    145541    3   4
    162650    4   3
    146700    2   4
    221788    2   1
     47763    1   2
    211790    4   0
     80711    2   1
     82347    2   1
    141158    3   4
    204167    4   0
    194059    3   0
    154241    4   0
    151783    0   2
    156252    3   4
    174978    3   2
     43424    2   0
    184083    1   2
     38967    3   1
    194360    2   1
    156037    3   4
     81119    1   2
    144147    4   0
    145836    3   4
    222886    2   1
     83296    1   2
    146341    4   3
    193858    3   0
    194986    0   3
     38228    0   1
    198383    0   3
    212420    2   4
    221354    0   3
    197153    3   0
     36950    4   0
     45598    2   0
    221692    0   3
    145555    2   4
    209707    4   3
     74178    2   1
    160486    3   4
    209765    4   0
     79698    3   0
     77062    2   1
    221046    3   0
    146070    2   0
     34194    3   2
     38279    4   0
     35062    3   0
    153528    4   3
     36760    4   0
    200144    1   2
     43478    3   0
    152736    3   4
    140962    3   4
    154710    3   4
    221147    2   1
    148952    4   3
     80165    0   2
     32629    1   3
    212108    4   0
    212012    0   2
    154348    3   4
    222800    0   3
    147964    4   3
    161419    3   4
    144084    3   4
      1664    1   2
    195339    0   1
    211358    3   0
    150382    4   3
    197118    2   0
    166171    3   4
    205002    4   0
    147181    3   4
    166109    3   4
     35956    0   3
     35092    3   0
    151808    3   4
    203090    0   3
    163827    3   4
    198300    0   3
    194637    2   0
    222904    3   0
     78095    3   0
    146582    3   4
     51811    1   3
     19852    0   3
    203485    1   2
    196877    1   2
    173069    4   2
     39229    4   2
    195694    2   0
     55376    1   3
    194786    4   2
    211122    4   3
    150115    3   4
     37590    3   0
     35881    0   2
    211313    0   3
     25355    1   2
    196967    2   1
    149577    3   4
     38362    0   3
    221686    3   0
    142825    3   4
    198920    0   1
    152940    3   4
     34297    3   0
    197409    3   0
     24845    0   2
    196091    4   0
    158167    3   4
    162140    0   3
    213086    1   2
    106935    4   0
     35399    4   3
    209506    0   3
    165249    4   3
    184441    4   2
     41023    4   0
    142965    3   4
     28623    1   3
     25969    0   3
    148387    3   4
    200664    0   3
     43744    2   0
    161200    0   4
    161141    4   0
     45596    0   2
    163173    3   4
    209774    3   0
    210163    2   4
     81510    2   1
     78800    1   2
    210047    4   0
     37028    0   4
    140612    3   4
     34488    1   2
    197178    0   3
    210843    3   0
    199960    1   2
      2428    0   3
    211957    0   3
    203222    2   1
     48224    2   1
    162003    3   4
    153685    4   2
    199679    3   0
     47173    4   0
     20411    1   3
    164892    3   4
    223052    2   1
    198284    0   3
    153613    3   4
    221199    3   0
    141659    3   4
     27194    2   3
    156627    3   4
    199440    3   0
    222631    2   1
    209919    3   0
     81805    0   2
    107314    0   3
     35472    1   2
    206600    0   3
    195668    4   2
     35475    3   1
     37689    2   1
    201170    1   2
    157159    3   4
    159830    4   3
    157811    3   4
    210292    0   1
     44622    2   0
     43242    1   2
    145086    4   2
    203494    0   3
    147175    4   3
    212643    0   2
    196753    4   0
    212854    4   0
    157663    4   3
    221666    2   1
    178511    4   2
     76417    2   1
    211100    3   0
    157131    4   3
     41044    2   3
    203790    0   3
    163825    4   2
    159465    4   3
    210036    4   0
    143928    3   4
    165119    3   4
    151935    4   3
     80610    0   1
    142007    4   3
    204302    0   3
    151785    2   4
    155399    3   4
    212388    3   0
    213073    4   0
    151451    3   4
    210283    4   0
    202728    3   0
    151647    4   3
    196312    0   3
     34439    3   0
    209847    2   0
    188838    2   1
    144018    3   4
     34762    3   0
    202634    0   3
    149112    4   3
     46100    1   2
    203717    3   0
    198564    2   0
     39011    0   2
     29357    1   3
    198801    4   0
     41826    2   1
     35115    4   0
     37752    4   0
    142597    4   3
    145512    4   3
    210429    1   2
    162378    4   3
    222716    2   1
    104943    0   3
    159769    3   4
    209846    4   0
     44612    0   4
     74583    4   0
    157052    0   2
     76497    2   1
    144391    4   3
     81308    1   2
     38576    2   1
    151595    4   3
     35440    3   0
     42078    4   0
    220986    1   2
     20302    1   2
    160444    3   4
    161297    3   4
    154204    3   4
     76229    2   1
    221440    1   2
    195789    0   3
     74600    2   1
    144032    4   0
     37292    4   2
    176389    3   2
    203649    3   0
     27370    0   3
     35377    1   2
    210874    2   0
    151409    3   4
    211764    0   2
     38733    2   1
    202970    2   1
    211171    4   0
    204596    4   0
    164728    4   3
    206365    2   0
    210282    0   4
    162628    0   4
    212717    0   4
     34906    3   0
    154876    4   0
     67340    1   3
    199637    3   0
    155365    4   3
    195786    3   0
    210902    1   0
    212946    4   0
    202968    4   0
     38255    0   2
     77167    0   1
     74808    2   1
    141873    4   3
    148717    3   4
    156504    3   4
    197163    3   0
    210054    2   0
    194325    3   0
    146585    0   3
    148552    4   3
    211610    4   0
    205235    3   0
    210127    4   0
     20070    0   3
    212019    3   0
    147531    3   4
    211376    0   3
     35800    2   1
    211759    1   3
    157750    3   4
    146016    0   4
    197182    2   1
    172041    3   2
     38533    2   0
     82903    1   2
    204811    3   1
     37834    1   2
    166152    3   4
     37581    4   0
    140562    3   4
    195964    1   0
    209999    2   0
    203574    3   0
     82348    1   2
     53652    1   3
    150107    0   4
     19754    2   1
    147556    3   4
    212031    3   0
    143781    3   4
     37106    1   2
    208782    4   0
     38208    4   0
    159345    4   3
    154203    4   3
    143618    4   3
     26430    0   3
    199903    1   2
     79194    1   2
    209852    0   3
     75136    3   0
    146856    3   4
    211535    0   3
    161041    3   4
    152932    3   4
     47283    4   2
     34986    3   0
    165871    0   4
    151998    4   0
    203642    1   0
    145360    4   3
    195124    1   0
    212433    2   0
     44194    3   0
     40932    1   2
     76564    2   1
    212702    4   0
    157550    3   4
    148550    4   0
    211596    1   3
    196104    3   0
    195675    2   1
    159056    4   3
    143105    2   4
    167012    3   4
    199014    0   3
    222970    1   2
    165855    3   4
    144141    3   4
    159855    4   3
    163520    3   4
    161559    0   3
    157576    4   2
    222275    3   0
     33976    0   2
     42975    4   2
    195201    0   1
     36653    3   1
    156855    3   4
    153800    3   4
    176373    1   2
    183510    4   3
     38978    3   0
    200150    2   1
    166970    2   4
    106417    3   2
    222834    2   1
    151187    4   3
     83397    0   2
     77396    2   1
    143265    0   3
    195551    2   0
     35569    0   3
     37296    1   2
    165083    4   3
    168570    4   2
    144464    3   4
     39966    0   2
    195566    2   0
    211850    0   2
     78158    3   0
    159275    2   3
    211521    2   1
    160130    3   4
    196015    1   2
    210948    4   0
    149260    3   4
    222074    0   1
    142863    4   3
     84633    2   1
    153943    3   4
    149127    4   3
    220891    3   0
     34196    4   0
    213312    0   4
     81208    2   1
    155474    4   3
    165233    0   4
     34731    0   3
    195548    0   1
     36465    2   0
    203595    3   0
    222871    3   0
    198608    3   0
    205139    2   0
    152665    3   4
    196557    1   2
    155656    3   0
    196370    0   3
    159289    2   1
     34412    2   1
    202791    2   1
    222123    3   0
    193957    2   1
     46665    0   2
    147761    4   3
     41214    3   2
    212649    4   0
    212032    4   0
     37074    0   3
    143145    3   4
    194805    3   0
    148446    3   4
    149722    3   4
    156791    4   0
    149125    3   4
     41096    3   0
     80221    3   0
     74441    1   2
    196155    3   0
     27381    1   3
    202735    2   0
     24558    3   0
    195598    3   0
    201726    4   0
    152042    3   4
    221910    0   3
    197965    0   3
    145043    3   4
     45015    3   0
     41599    2   0
    170450    3   1
    159544    3   4
    141011    3   4
     43793    2   0
      1257    0   2
    196389    1   0
     81085    0   3
    152260    4   3
    142397    3   4
    212061    2   0
    141215    4   0
    166255    4   3
    142178    3   4
     34852    4   0
     44018    4   0
     34461    3   0
    221607    0   3
    212852    0   3
     76715    2   1
    221116    0   3
    187232    1   2
    211943    3   0
    149973    4   3
    160751    3   4
    201231    2   0
    140267    4   3
     82380    2   1
    143771    4   0
    146385    2   4
    210305    3   0
     37384    0   2
    161321    3   4
    222030    2   1
    209517    0   2
    196171    2   1
    149811    4   3
    213138    4   0
    200531    3   0
    142637    4   3
     40575    0   3
    145249    3   4
    212098    3   2
    165610    4   3
    220919    2   0
    149727    4   3
    154081    4   3
     44909    1   2
     34079    3   2
    195281    1   3
    203141    0   3
    198306    3   0
    175081    3   2
    195322    4   0
     45016    0   2
    141383    4   3
    146929    0   3
    145328    4   3
    221028    1   0
    201115    1   0
    141727    2   4
    203162    2   1
    145371    4   3
    211240    4   2
    198978    2   1
    201735    2   0
     36726    0   1
     74565    0   2
    165638    4   3
    154256    0   4
     42982    2   0
    210833    4   0
    162576    3   4
    162905    3   4
    197270    0   4
     35777    1   3
    199134    2   1
    155773    3   4
    160053    4   0
     39629    3   0
    203477    1   2
     35869    2   0
    195769    3   0
     75876    0   1
    200080    4   0
    150431    2   4
    163908    3   4
     39900    3   0
    144959    2   3
     76264    1   2
    197245    1   2
     39679    3   1
    155908    4   3
     75666    3   0
     23232    1   3
    204753    2   1
     37992    4   0
    206110    3   0
    197943    4   2
    156275    4   0
    147853    3   4
    196349    2   0
    141720    0   3
    204719    2   0
     47525    4   0
     36324    1   2
     35285    2   0
    203661    2   1
    213515    2   1
    210739    4   0
    171291    1   2
    203635    3   0
    151568    3   4
    193789    2   1
    156019    0   4
    165770    3   4
     38058    0   1
    204277    3   0
     75008    1   2
     34272    1   2
    154487    3   4
    198792    2   4
     39535    2   1
    203064    0   1
     22092    0   3
    210686    3   0
     22080    2   3
    195023    0   3
    193761    2   0
    150786    4   3
    206812    3   0
    222196    2   0
    212554    1   0
    141350    3   4
     24486    0   3
    210654    2   0
    150050    3   4
    150861    3   4
    201542    3   0
    201802    1   2
    140819    4   3
    146559    3   4
     40704    0   2
     77579    0   2
    195121    4   0
     44434    4   0
    152508    4   3
     35249    3   0
    222646    0   3
    210887    3   0
     38712    1   2
    210248    0   3
    147188    3   4
     38811    3   0
     37055    3   0
    158237    4   3
    160300    3   4
    161605    1   4
    166660    3   4
    211356    3   0
    200940    3   0
    222047    2   1
    203377    3   0
    210005    4   0
    210592    0   4
    198089    3   0
    200338    0   1
    166166    3   4
    222593    0   3
    143345    3   4
    222861    2   1
    149282    2   4
     21854    0   3
     36518    4   0
     75435    1   2
    160946    0   4
    150693    3   4
     25088    1   3
    202436    4   0
    142427    3   4
    192827    3   4
    151083    4   3
    223029    2   3
    211897    4   0
    156665    4   3
     34836    0   4
    212053    1   2
    205644    0   3
    222132    2   1
    146884    2   3
    209593    2   4
     45755    3   1
    194077    2   0
    170726    2   1
     34142    0   2
    154004    3   4
    207920    4   2
    200309    2   0
    140554    3   4
     82957    2   1
    104694    1   2
     27918    1   3
    154644    4   3
     52381    3   1
    144469    3   4
     37583    4   0
    209567    4   2
    206822    3   0
    196173    2   1
    221751    2   1
     43108    1   2
    210560    3   0
    199211    1   2
    213460    2   0
    155957    3   4
    164634    4   3
     37516    3   0
     44522    4   2
    164490    3   4
    197349    3   0
    203078    4   0
    150255    3   4
    161536    0   4
    156767    4   2
    158344    3   4
    141987    2   0
    202913    2   0
    197470    3   0
    152153    3   4
     41232    3   0
      1442    1   2
    213175    1   2
     38211    0   4
     24082    3   1
    142008    4   3
    159199    3   4
    198429    2   0
    152815    4   3
    165217    0   4
    194821    2   1
    222326    1   3
     36146    2   0
    203137    2   1
    184051    3   2
    145743    3   4
    212394    2   4
    204671    1   0
    207406    2   1
    162627    3   4
    198214    4   0
     20166    0   3
     76052    2   0
    140060    2   3
    147533    1   3
    166080    3   4
    199049    1   2
     42393    0   3
     37593    0   3
    210670    0   4
     24684    1   3
    155832    3   4
    209987    3   0
    201864    3   0
    156358    4   3
    210430    3   0
    203447    4   0
    203339    2   0
     36644    2   1
    160820    3   4
    159228    2   4
    199563    4   0
    167127    3   4
    194543    2   0
     42692    4   2
    199050    2   0
    140062    0   3
    194361    3   0
    171620    2   1
    142969    4   3
     84264    2   1
    147117    4   3
    222795    1   3
    180117    1   2
    221051    0   2
    198476    2   1
    199492    0   3
    146630    3   4
    222105    2   1
     79251    1   2
     43491    1   2
    153123    3   4
    162883    3   4
     78779    2   1
    212425    4   0
    198159    2   1
     83675    3   0
     33085    0   3
     37895    4   0
    146880    4   0
    222019    2   0
    198074    2   1
    176001    3   2
    209621    2   4
     75184    1   2
    148096    3   4
     44071    0   3
     36739    0   3
    221797    0   1
     81194    0   3
    222090    2   1
    196628    2   0
     74276    3   0
    195546    2   0
    149965    3   4
    141145    4   2
    162011    3   4
    154614    4   3
     77831    1   2
    149643    4   3
     26225    2   3
    150245    3   4
     24207    2   3
    210434    2   3
     44896    0   1
    164518    0   3
     39854    2   0
    221055    0   3
    210540    4   2
    148593    4   3
    198085    0   3
     39601    4   0
     41969    0   2
    106777    0   3
     35679    0   3
     46959    1   2
    209623    2   4
    159878    4   3
    155071    0   3
    221368    3   2
    204714    2   0
    151552    3   4
    197627    2   0
    222729    2   1
    222596    0   1
    145565    3   4
    221195    3   0
    221178    0   3
    197920    3   0
     36808    1   2
    158153    3   4
    221445    2   1
     55825    1   3
    222127    0   3
     34879    4   2
     34108    1   2
     46521    0   3
    221618    3   0
    198677    2   1
    146533    3   4
    157137    3   4
     24197    2   1
     42126    3   0
    142004    3   4
     35713    2   1
    204779    3   0
    210105    0   3
     39657    2   0
    212305    4   0
     40683    3   1
     34173    2   1
    141786    4   0
     45865    4   0
    211794    0   3
    147692    3   4
     74408    2   1
     44064    3   0
    203977    3   0
    163620    3   4
     38567    4   0
     38801    4   2
     38721    0   4
    211634    4   0
    161658    3   4
    154288    3   4
    222953    3   2
    150391    3   4
     40820    0   3
     46250    2   1
    206507    1   2
    160731    3   4
    148612    4   3
     82652    2   1
    157460    4   2
    204813    1   2
    196070    3   0
     83151    2   1
    148985    3   4
    197257    3   0
    205386    4   0
    141076    4   3
    167910    3   2
    145747    0   4
    141352    4   3
     38673    0   2
     74316    2   1
    206660    3   0
    143715    0   4
     34151    3   0
    205573    3   0
    202327    0   1
     33334    1   0
     35281    4   3
    142799    3   4
    212516    4   0
    194296    3   0
    156515    4   0
    203207    3   0
     76830    2   1
    220834    3   0
    207532    4   2
     38318    1   2
     64651    2   3
    157469    2   4
    200252    3   0
    159946    4   3
    222581    0   1
     38212    1   2
    160349    2   4
    166560    3   4
    154744    3   4
    140994    3   4
     75925    4   2
    206344    2   0
     80124    1   2
    195047    0   2
    209532    4   2
    176713    2   3
    212311    1   2
    104089    3   2
    186392    3   2
    150320    2   3
    162736    3   4
    209755    2   0
    166357    3   4
    196265    0   3
    177783    4   0
    149336    3   4
    149303    4   3
     34544    4   2
    165055    4   2
     44455    1   2
    141080    4   3
    145909    4   3
    141593    3   4
    149178    4   3
    212694    4   0
    151800    3   4
    202296    1   2
    160715    3   4
    159279    4   3
    211278    2   0
     56816    2   3
     80207    3   0
    213356    3   0
     79176    1   2
    210542    0   4
     20550    2   3
    221860    3   0
     74723    0   2
    212615    0   2
     74249    1   2
    140904    4   3
    144705    3   4
     47730    3   2
     74292    0   3
    198128    4   0
    140081    3   4
    161704    3   4
    210446    4   0
    213480    1   2
     30529    0   3
    149430    4   3
    221502    3   0
    210102    3   2
    146193    4   3
    222323    2   0
    193801    3   0
    149400    4   2
    211723    2   0
    141149    4   3
    196527    0   3
    209519    0   3
    105757    4   0
    220833    3   0
    194554    0   3
    155973    3   4
    154736    3   2
    166725    3   4
    212253    2   0
    204322    1   2
    173431    4   2
     22210    3   1
    199136    3   0
    162283    4   0
    199087    2   0
     81879    0   2
    140828    4   2
    159338    3   4
     45332    0   3
    193840    2   1
    200030    2   0
    160994    3   4
     80938    0   3
    161299    4   3
    150469    4   3
    202063    0   3
     34437    0   3
    213013    0   1
    181307    4   2
    209793    4   0
    148023    4   3
    180602    3   2
     39608    3   0
    146440    2   4
     75269    1   2
     81475    2   1
    175337    2   1
    213104    0   3
    222293    0   3
    151794    4   3
    156793    3   4
    183585    4   2
    196957    4   2
    211722    3   0
     38620    2   1
    162592    3   4
    195193    3   0
    158761    3   4
    222989    2   0
    156568    3   4
    213248    3   0
    211293    4   0
    199596    3   0
     57337    1   3
     47157    1   2
    198237    4   2
    194293    4   2
     83837    0   1
    148940    0   4
    202208    0   2
    155632    3   4
    154031    3   4
    222827    1   2
     77224    2   0
    144337    2   4
    154735    3   4
    155551    4   3
    150588    3   4
    163049    3   4
    147894    3   4
     37981    0   4
    154991    4   3
    151089    3   4
     41281    3   0
    204204    3   0
    210547    2   4
    203195    3   0
    210762    2   0
     76554    4   2
    152761    4   3
    210462    0   3
     34024    4   0
    155110    4   2
    167321    3   4
    201282    3   0
    211558    3   1
    149687    3   4
    201711    3   0
    209585    4   0
    211976    3   0
    221902    2   0
    221877    2   1
    146075    0   4
    140984    3   4
    195331    3   0
     78943    0   3
    220892    2   1
    163797    4   3
    158731    2   4
     83534    2   1
    145486    4   3
    222858    0   3
     80581    0   3
     47291    1   2
     43720    2   0
    222439    0   3
    211428    3   0
    221591    0   1
     24586    1   2
    209970    0   2
    211186    0   2
    166916    3   4
    201898    4   0
    177155    1   2
    161470    3   4
    145664    0   4
    155585    2   4
     84030    2   1
    211095    3   0
    198276    4   2
    154074    3   4
    201739    4   0
    143571    3   4
    157913    3   4
    203602    1   2
    212250    2   0
    157549    2   4
    148546    4   3
    210294    4   0
     36315    4   2
    163057    0   4
    163312    4   3
    222508    1   3
     62713    1   3
    157044    3   4
    202214    3   0
    165615    3   4
    144565    3   4
    221512    2   1
    193767    2   1
     47577    0   2
    199614    4   0
    211777    2   0
    165022    4   3
    221564    1   0
    202021    2   1
    212733    0   3
    157098    2   4
    105072    2   3
     45829    0   3
    194856    2   0
    210911    3   0
     38792    3   0
    165603    3   4
    210106    2   3
    220930    3   0
    156086    4   3
     76191    1   2
    211787    1   3
    159488    4   3
     44078    4   0
     46108    4   0
    210226    0   3
    143367    3   4
     35750    0   3
    151565    4   3
    211556    4   0
    145403    2   3
    221123    0   3
    149770    3   4
    141870    3   4
    146611    3   4
     20913    3   1
     76531    1   2
     20583    2   3
    142699    3   4
     21499    1   3
    168109    2   1
     35866    1   2
    104533    1   2
     34385    0   3
     39557    3   0
    157676    4   3
    165802    2   3
    210935    4   2
    210085    4   2
     79025    0   1
    159796    3   4
    210636    0   4
    143299    3   4
     46787    2   0
     20586    3   2
    211329    0   2
    221888    2   1
    155253    3   4
    162981    4   3
    221240    3   0
     81352    2   1
    147816    3   4
     47251    3   0
    198201    2   1
    203793    3   0
     34157    4   0
    150596    4   3
    203387    0   2
     76703    2   1
    160793    3   4
    158321    0   3
    147336    4   3
    202079    3   0
     34871    0   3
     78699    2   0
    211733    0   3
    142331    4   2
     23303    1   3
    159368    3   4
    201342    4   0
    212063    1   2
    210832    0   2
    147610    4   3
    156235    3   4
    220858    2   1
    142997    0   4
    209699    2   0
    210089    3   0
    141428    3   4
    210049    4   0
    221842    3   0
    161120    3   4
    205973    2   0
     41665    3   0
    196838    0   3
     23957    1   3
    196281    3   0
    210262    4   0
    209692    3   0
    196157    0   3
    204920    2   0
     77035    0   1
     84383    1   2
     74182    1   2
    154351    3   4
    144941    4   3
    145982    2   3
    146604    3   4
    211982    1   2
    158508    4   3
     36139    0   3
    209834    0   4
    154777    4   2
     35251    3   2
    164916    4   3
    210007    0   3
      1869    2   3
    161834    4   3
    212236    4   0
    141233    4   3
    171413    3   4
    202255    3   0
    213147    4   0
    198255    2   0
     22909    3   1
    210693    1   2
    206307    0   3
    197159    2   1
    202386    3   0
    142777    3   4
    202232    3   0
    147950    3   4
    146542    3   4
    206573    3   0
    211144    2   3
    159861    4   3
    165979    3   4
    198287    3   0
    201727    3   0
    146373    3   0
    161285    3   4
     47384    1   2
    195699    3   0
     77036    1   2
    211854    2   1
    197694    0   3
    223043    1   3
    146334    4   3
     38032    0   2
    182409    1   2
     34418    0   3
    148559    0   4
     37943    4   0
     40214    2   1
    151432    3   4
     45420    0   2
     42383    4   0
    183524    3   2
     34766    3   0
     22704    1   3
    221904    0   3
    166611    3   4
    140868    4   0
    154645    2   0
    161919    0   2
    210246    4   0
    159468    3   4
    209858    3   0
    105132    1   2
    193710    4   2
     47672    3   0
     22426    3   1
    143506    3   4
    157985    2   3
    209688    2   0
    164723    4   2
    203189    1   2
     35852    3   0
     78672    2   1
    210029    3   0
     37330    0   2
    193082    3   2
     80416    0   3
    140273    3   4
    197049    3   0
    145633    3   4
    166751    3   4
    165291    3   4
    192663    4   0
    222762    0   3
     44255    4   0
    172193    3   2
     75533    2   1
    194442    2   1
     20556    1   3
     38711    4   0
    164341    4   3
    148753    4   3
     35752    4   0
    158483    2   4
    141174    4   0
    153600    3   4
    199820    0   3
     61817    2   3
     40712    1   2
    147038    3   4
     34085    0   2
    150168    2   4
     74730    1   2
     25173    0   3
    196589    0   3
    196056    2   1
    206686    3   0
     20614    0   3
     81606    3   0
    197809    0   3
    221921    0   3
    199380    3   0
    150043    3   4
     76773    1   2
    201021    4   0
    205420    2   0
    142872    4   0
    198802    2   0
    201241    2   0
    159771    4   3
    199580    3   0
     41944    2   0
    195886    2   0
    178096    4   2
    151999    3   4
    162409    3   4
    199066    2   1
    142753    3   4
     78955    1   2
    148323    2   3
    144319    2   4
     81015    0   3
    210650    4   0
    211953    1   3
    210537    0   4
    200695    0   3
    140753    4   3
    149159    4   3
    161264    3   4
    211487    3   0
    206076    3   0
    199430    3   0
    220886    0   2
     78804    1   2
    211889    4   0
    141023    3   4
    164206    3   4
    157106    0   4
     44430    4   2
     39044    0   3
    164967    4   3
     54717    1   3
    153135    4   0
    166788    3   4
    160695    3   4
     20348    3   1
     38356    2   1
    140268    3   4
    153769    3   4
     43511    2   0
    155079    4   3
    196493    2   0
    156002    3   4
    147696    3   4
     25961    3   0
     42815    4   2
    166433    2   4
    220842    3   1
    196197    4   0
    156683    4   3
    146640    3   4
    165454    3   4
     47278    3   0
     36175    1   2
    211066    3   0
    143758    3   4
     36860    0   3
    222869    0   2
    166298    2   4
    152194    3   4
    161137    4   3
     47343    0   2
     36462    0   2
    148720    2   3
     22907    1   2
    212148    3   0
    171193    3   0
    204839    1   2
    206645    3   0
    213440    4   0
    158915    4   3
    194379    0   4
    210274    3   0
     44647    3   0
     82879    0   3
     42359    0   2
    144870    4   3
    157510    0   4
    167031    3   4
    146735    1   2
    142386    3   4
    152400    4   3
    222796    3   2
    193895    2   0
    159723    3   4
    141323    3   4
     37969    0   3
    212202    3   0
    154174    3   4
    221444    0   3
     34161    2   0
    210620    4   0
     36752    3   0
    200426    3   0
    151064    3   4
     35174    4   0
     38863    2   0
     39585    2   0
    151826    3   4
     47065    4   1
     46570    3   0
    161368    3   4
     28735    2   0
    142296    4   3
    165794    3   4
    197367    3   0
     77169    1   2
     79128    2   1
    210027    0   2
     75685    2   1
    202404    0   3
     46997    4   0
     82103    3   0
    145659    3   4
    154003    3   4
    221399    3   0
     74610    2   1
    144741    4   3
    210432    4   0
    222043    3   0
     23992    2   3
     42267    2   1
    211502    0   4
     41772    4   0
    146879    4   0
    196359    3   0
    211920    3   0
    194458    0   3
     43076    3   0
     44541    3   0
    166967    3   4
    147390    4   3
     34425    0   3
     45248    3   0
    209951    0   4
    211624    4   2
     35973    4   0
    212652    0   4
    161219    3   4
    220822    3   0
    155924    4   3
    152437    3   4
    154967    3   4
    105034    2   1
     35968    2   1
    140300    0   4
    141708    3   4
     45356    4   2
    199051    4   0
    149499    3   4
    163981    4   3
    140183    3   4
    148745    3   4
    163331    4   3
    145438    3   4
    195006    2   0
    153761    3   4
     75521    3   1
    144270    3   4
     22653    2   1
     74612    2   1
    152354    4   3
    181274    3   2
    150291    3   4
    194416    4   0
    160338    3   4
    197325    2   1
    143886    4   3
    210986    0   3
    156488    3   4
    197984    1   2
    158547    3   4
    222433    0   3
     74226    1   2
    204943    3   0
    141534    3   4
     74355    1   2
    200926    2   1
     33930    0   3
    194176    2   1
    198343    0   2
    222915    0   3
       931    2   3
     78741    2   0
    143777    3   4
    183064    4   2
    150850    3   4
    156848    3   4
    141762    4   3
     34338    4   0
    149854    4   3
    199510    1   0
     43059    2   0
     20975    1   3
     82990    1   2
    142853    3   2
     33819    3   0
    220867    3   0
    141920    4   3
    201026    3   0
    148716    3   4
    145454    4   3
    153723    0   4
     37546    4   0
    148768    3   4
    142983    4   2
    221689    2   0
    153802    4   3
    221641    0   1
    162197    2   3
    149248    2   4
    213399    4   0
    202937    4   0
    198973    2   1
    164010    3   4
    210677    4   0
    160361    3   4
    209800    4   0
    156854    3   4
     21664    1   3
    193905    4   0
     76223    1   2
    152197    4   3
     81771    1   2
     38958    0   3
    198971    2   1
     35133    4   0
    211578    3   0
    211217    0   2
    195380    3   0
    141144    4   3
     81279    1   2
    213214    3   0
     34870    4   0
    205334    3   0
     76339    1   2
    145735    3   4
     74334    0   3
    213079    2   1
      3521    2   1
    161684    4   3
     75901    2   1
    154091    3   4
    150485    3   4
    196832    3   0
    150127    1   2
    222427    1   0
    162928    4   0
    200726    3   0
     43914    1   2
    202605    2   1
     26150    2   3
    189712    2   1
    212567    0   3
    166165    3   4
    158190    4   3
    209544    4   0
    145118    0   4
    148568    2   4
    144318    4   3
    153635    4   0
    212738    3   0
    152186    4   0
    221391    2   1
     39699    2   1
      2379    0   3
    211806    4   0
    151482    4   3
      3671    1   3
    163362    3   4
    144927    4   0
    156458    3   4
    193739    2   1
    169278    4   3
    156470    3   4
    153357    3   4
    140789    3   4
    210759    2   1
    144381    4   3
    146983    3   4
     80636    2   1
     79549    1   2
     34300    4   2
    142354    4   3
    210978    3   0
    211153    2   1
     83348    2   1
    202759    3   1
    194474    2   0
     44512    4   0
     34530    3   2
    195628    2   0
     41560    4   0
    171724    3   2
     35561    2   0
     44639    3   1
    199355    0   3
    199316    0   3
    162160    3   4
    157323    3   4
    151653    0   4
    222254    3   0
    222505    0   3
     24806    0   3
    146069    3   4
    166606    4   0
     51689    1   3
    167307    3   4
    203507    0   3
    164957    3   4
    206893    3   0
    210775    1   2
    142536    3   4
     19239    2   3
    206350    2   4
    221235    2   0
      7297    1   2
     48093    4   0
    163537    3   4
    144665    4   3
    210324    3   0
    209779    0   3
     35509    3   0
     75888    1   2
     34810    2   0
    186008    3   2
     35993    3   1
     41462    4   0
    203809    2   1
     43976    2   1
     39495    0   2
    203092    2   1
     40431    2   1
    151866    3   4
     76890    2   0
    195126    3   0
     37245    3   0
    212040    4   0
      1956    0   1
     39360    2   0
    211326    4   0
    210477    1   2
     41199    2   1
    204704    3   0
     41697    3   0
    220994    2   1
    198729    0   3
    146471    3   4
    141039    0   4
    167032    4   3
    142223    3   4
    153665    4   3
     51534    3   1
    195014    3   0
     43183    4   0
    150216    3   4
     77106    3   0
     55332    1   3
    213322    0   1
    221730    1   2
    211732    2   1
    154548    3   4
     37259    0   3
    221479    1   3
    207253    4   2
    194854    1   0
    158644    3   4
    154917    4   2
     78496    1   2
     38714    2   3
    145593    4   3
    161920    3   4
    204305    2   0
     37084    2   0
    212756    3   0
    199360    2   0
     76175    4   2
    209955    4   0
     36983    0   3
    195575    4   0
    212987    4   2
    105004    3   2
    197402    1   2
    222059    3   0
    156328    3   4
     78284    1   2
    149188    4   0
    162862    0   4
    143866    4   3
     39197    0   3
     34490    2   0
    201212    3   0
     41788    4   0
    160458    3   4
    211436    4   0
    222325    3   0
    152250    4   2
    141931    2   3
     74492    2   1
     43027    0   2
    162490    3   4
    159935    4   3
     36500    4   0
    194488    3   0
    203966    3   0
    221636    2   0
    212164    4   0
     63988    2   1
    197487    3   0
    144937    3   4
    196341    4   0
    201152    0   3
    211330    4   3
    197191    4   2
     20123    3   1
    142582    3   4
     36254    0   3
    170090    4   3
    150310    0   3
      1797    3   2
    202313    2   0
    145402    4   2
    147564    4   3
    142193    3   4
    209599    3   0
    200884    0   1
    157847    3   4
    199502    3   0
    212150    3   0
    205148    0   3
     35449    2   0
    141064    4   3
    146245    0   2
     31675    1   2
     38147    1   2
    204328    0   3
     38402    0   3
    160321    4   0
    202724    4   0
    148067    4   3
    211935    0   3
    211432    0   4
       651    0   3
    197399    4   0
     76681    0   3
    164615    3   2
    222263    2   1
    198751    3   0
    141938    4   3
    140858    3   4
     74971    2   1
    148109    3   4
    106740    3   2
    149850    3   4
    147460    3   4
    157930    2   4
     38102    1   2
    158484    3   4
    197376    3   0
    107668    2   3
     28232    1   2
     60346    1   3
    194985    3   0
    166823    3   4
    162509    3   4
    166608    2   4
    204150    2   1
    157316    3   4
    199934    2   1
    150687    4   3
    210311    3   0
    206052    3   0
    142586    3   4
    200614    4   0
    149216    4   3
    221983    0   3
    140437    3   4
    152383    2   4
    164796    4   3
    205193    0   3
    210618    2   0
    142264    4   3
    222036    3   0
    212196    3   0
    145676    4   3
    144567    3   4
    210711    0   3
    222980    0   3
    211638    3   0
    213160    2   0
     26379    0   3
    155111    3   4
     36621    0   3
    223055    2   1
    151286    4   2
    166818    4   3
    153285    3   4
    145578    3   4
    223028    1   2
     81495    4   2
    155185    3   4
    151572    2   4
     34840    1   2
    152483    4   3
     36898    2   0
    211511    0   2
     45301    2   1
     35512    4   3
     27558    0   3
     36881    0   1
    222324    2   1
    146726    3   4
     80518    1   2
    193859    2   0
    154587    3   4
    211191    4   0
    212119    0   3
    141401    4   3
     35101    2   1
    141854    4   3
    145936    3   4
    212943    2   1
    210866    2   4
    187762    1   2
    202667    3   0
    146218    3   4
    150556    0   4
    163493    3   4
    150558    3   4
    151253    3   4
    222118    1   2
     74763    2   1
    222302    3   0
    221366    3   0
    221029    0   1
    213131    2   1
    210567    0   3
    202823    0   4
     84640    2   1
    206678    3   0
    146687    3   4
    141009    1   2
     36834    0   2
    202636    4   2
    205615    3   0
    190176    1   2
    222050    2   1
    156698    0   3
     43199    2   3
    200878    2   0
    152963    3   2
    193826    2   1
     75377    2   1
     81056    2   1
    197493    4   0
    220990    0   3
     38390    3   0
    202319    3   0
    159718    3   4
    203037    2   4
    143694    4   3
    155387    4   3
     39101    3   0
     20910    0   3
    150645    3   4
    210153    0   4
     74359    1   2
    210991    0   1
    213049    3   0
     42190    2   1
    160094    3   4
    156895    4   3
    212165    2   1
    145655    4   3
     84634    2   1
     77614    0   3
     59538    1   2
     41562    1   2
    160227    3   4
     24244    0   3
    204847    0   3
    141045    3   4
    209541    3   0
     48083    2   0
    222149    2   1
    148447    3   4
    165195    3   4
    148786    3   4
    221681    2   1
    194150    1   2
     75427    2   1
     34696    2   1
     74776    2   1
    210557    1   2
    212534    2   1
    163103    4   0
    151534    3   4
     40960    1   2
    144353    4   3
    150454    4   3
    220866    3   0
    210927    3   0
    203063    3   2
    220871    0   3
    222006    3   0
     48501    0   3
    202755    3   0
    148738    3   4
    213020    0   4
    209713    3   0
    181380    3   2
    212528    3   0
     75208    2   1
     74326    1   2
    199392    3   0
     24698    1   2
    194038    2   1
    182755    1   2
     81389    2   1
     48175    2   1
    222884    2   1
     45499    3   0
    213069    0   2
    167216    2   4
     35328    4   0
     80651    4   0
     38510    4   3
    159133    4   3
    222430    3   0
     74428    2   0
    221263    2   3
    156408    4   3
    158967    4   3
     65971    1   3
     38495    1   2
     74453    3   0
    202731    3   0
    221959    3   1
     24245    1   3
    203732    2   0
    163965    3   4
    223050    3   0
     34551    1   3
    153639    4   3
    144923    2   3
    222096    0   3
    146660    3   4
     21094    2   1
    165992    3   4
    222387    3   0
    153748    3   4
     46317    3   0
    221373    2   3
    222842    0   3
    147358    4   3
    197288    0   4
     74956    0   3
    156654    3   4
    222028    2   1
    146416    4   3
    167997    2   3
    165577    3   4
    155215    4   3
     41779    3   0
    199499    0   3
    163334    4   3
    152166    4   2
     44519    3   0
    212971    2   1
     80973    1   2
    146803    3   4
    161004    3   4
     44828    1   2
    198064    3   0
    221603    2   1
     29080    0   3
    157627    3   4
     38289    4   0
    145731    3   4
    212579    0   4
    202409    2   0
    209529    0   4
    149291    3   4
    154320    3   4
    221346    3   0
    165928    4   3
    221703    0   3
    199576    2   4
    203723    1   2
    163279    3   4
    201942    2   0
     48096    3   0
    210786    3   0
    193698    4   0
     34680    0   3
    213262    3   0
    195307    4   0
    210505    4   0
    166867    3   4
     76173    0   3
    221848    3   0
    142634    4   3
    142729    3   4
    204338    4   0
    195381    0   3
    221505    1   3
    144090    3   4
    202287    3   0
    150178    4   0
    202229    4   0
     37727    0   3
    189102    3   2
    162037    3   4
    194073    3   0
    145036    4   3
    142028    4   3
    146509    4   2
     40160    2   1
    209681    2   0
    209608    0   4
    162432    3   4
     24973    1   3
    162603    4   3
    199811    3   0
    166486    3   4
    147928    2   4
    165542    3   4
    162183    4   3
     36572    1   2
     77415    2   1
    175728    1   2
    221375    1   2
    221341    3   0
    143910    4   3
     44088    0   3
     74415    3   1
    151008    3   4
    166963    4   0
    221068    2   3
     77202    1   2
    157121    3   4
     74963    2   1
    156283    3   4
     43781    0   3
    151775    2   0
    221334    3   0
     74367    2   0
    212003    4   0
    194979    3   0
    200712    0   3
    221597    1   3
    223053    3   1
    213496    0   4
    151632    4   3
    162103    4   3
    158102    3   2
    150965    4   3
    158469    4   3
    221073    2   1
     75830    2   1
    152511    3   4
     52054    1   3
     23394    1   3
    141211    3   4
     39686    3   0
    153869    4   3
     35542    0   3
    195874    3   0
     45155    4   0
    161369    3   4
     45611    1   0
    196144    0   3
    166800    3   4
    167269    4   3
     40984    0   3
    151335    0   3
    170311    1   3
    154232    4   2
    206233    0   3
    212896    3   0
     38917    2   0
    212320    0   2
     19612    1   3
    145285    0   4
    206656    1   0
    220982    1   3
    201537    3   0
    142745    3   4
    212856    4   0
    151118    4   3
    202466    3   0
    209857    3   0
    196633    3   0
    157911    3   4
    162485    4   3
    155777    4   3
    161530    3   4
    203797    3   0
    152931    2   4
    212984    1   0
    212712    2   1
    160970    3   4
    210729    3   0
     21058    2   1
     81564    3   0
    149052    3   4
    158572    3   4
    165508    3   4
     36379    1   2
    203291    3   0
    153936    3   4
    166781    4   3
    204227    0   3
    146214    4   3
    221903    3   1
    147104    4   0
     77411    1   3
    212724    1   2
    196455    3   0
     79719    0   2
    195926    0   3
     30509    1   3
    196316    3   0
    152997    4   3
    148301    0   4
    197823    0   3
     77608    3   0
    156302    4   0
     36337    0   3
    198901    0   3
    212370    3   2
    141457    3   4
    210564    0   3
    220855    1   2
    213497    4   0
     79637    1   2
    155349    2   4
     57475    1   2
     36134    0   2
     80571    2   0
     40283    3   0
     29790    1   3
    193716    3   0
    144173    3   4
    211563    3   0
    144811    0   4
     45766    4   0
     39046    0   3
    213452    4   0
    199164    4   0
    157017    3   4
     32632    0   3
    199210    4   0
     20482    2   1
    210455    1   2
     25851    2   0
     28678    2   1
    159327    3   4
     41341    0   3
     75536    1   0
    140694    0   4
     42861    0   3
    164893    4   2
    210791    4   0
    195728    1   2
     37322    3   4
    143002    3   4
    155750    2   4
    211113    3   0
     34360    0   3
    171222    3   0
    157907    4   3
    209907    4   2
     36673    0   1
    211378    4   0
    222136    0   2
    212578    0   3
    148823    4   3
    210970    4   0
     41572    2   4
    194075    4   0
    144098    4   3
    167209    3   4
    145614    2   4
    209763    0   4
     76101    2   1
    221536    0   3
    141225    4   3
    149150    3   4
    140919    3   4
    197831    2   0
    221876    0   3
     35479    0   2
    183028    3   2
     83918    1   2
    210613    0   4
    157304    4   3
    149914    3   4
    143254    3   4
    203172    1   2
    151716    2   3
    161272    4   3
    196416    2   0
    179323    3   2
    213315    0   3
     37015    0   3
    213037    4   0
     81691    1   2
     78630    2   1
    199422    2   1
     36015    4   2
    147819    2   1
    161778    4   3
    195850    3   0
    195065    0   2
    105581    0   3
     44404    0   2
    145058    4   3
    145125    3   4
    202643    3   0
     80866    4   1
    165596    3   4
    163221    3   4
     40192    3   0
    221013    3   2
    210346    0   3
    211820    3   0
    107161    0   2
    157361    4   0
    198662    2   0
    158419    3   0
    203427    3   0
    180019    1   2
    195614    1   2
    158712    3   4
    201128    2   1
    159613    3   4
     24172    1   3
    203794    3   0
    188866    1   2
     75395    2   0
     22081    2   1
     36237    3   0
    154791    0   4
    221277    2   1
    200772    2   1
     34984    4   2
    151922    3   4
    140281    4   3
    222723    0   1
    190995    4   0
    197446    4   3
     48198    3   0
     76419    0   3
    222990    0   1
     26674    0   1
    144531    3   4
    200846    1   2
    142502    4   3
    200352    0   3
     43856    2   0
    222383    0   3
    212017    0   3
    221045    1   0
    143346    3   4
     74205    2   1
    152209    2   3
     74651    1   3
    190547    2   3
    199133    2   0
    211537    2   1
    162850    3   4
    160675    3   4
    154168    3   4
    156823    4   3
    145617    4   3
    146010    3   4
    140219    1   2
    142861    4   3
    141795    4   3
    221574    0   3
    210545    3   0
     37781    0   2
    164477    4   0
    221922    3   0
    201794    2   0
    204934    2   1
     43454    0   2
     28535    2   3
     51656    1   3
    148928    3   4
    221202    2   1
    220900    3   0
    149724    3   4
    221053    3   0
    222536    0   3
    212552    3   0
    143009    2   3
    220856    0   3
    156701    4   0
    206071    0   3
    166841    4   3
     75172    0   3
    212752    0   3
     43426    3   0
    140293    4   0
    172652    3   1
     21694    3   1
    147096    3   4
    163905    3   4
    202660    2   1
    147320    4   3
    222492    2   3
     59291    1   3
    160303    3   4
    198979    2   0
    202707    3   0
     25570    0   3
     22549    1   2
    150733    4   3
     45280    2   1
    144380    3   2
     82607    1   2
    187057    2   3
    149294    3   4
     21536    3   1
    206462    3   0
    165674    4   3
    220956    0   3
    194021    4   2
    221194    3   0
    221973    3   1
    168852    3   2
    156139    4   0
     44339    4   0
    221934    2   3
     43348    3   0
    221791    0   3
    209658    4   0
    221827    3   2
    163189    3   4
     58464    3   1
    210382    3   0
    206017    3   0
    212720    3   0
    210338    1   2
    210203    3   0
    158898    3   4
     41310    1   2
    165223    3   4
    221224    2   1
    158222    0   4
     38925    3   0
     46154    1   2
    188236    1   2
    222547    3   1
    154193    2   4
    147705    3   4
    221928    1   3
    161446    3   4
    200033    1   0
    203827    2   0
    146596    3   4
    212479    0   3
     36649    1   2
     37531    0   4
     82551    0   3
     83784    1   2
    158456    3   4
    203086    4   0
    155958    0   4
    222736    0   3
     25820    0   3
     46868    2   4
    143797    4   0
    222312    0   1
     29526    0   3
     80534    2   1
     74622    3   0
      1496    2   3
    196773    4   0
    158968    3   4
    204698    0   1
    221857    3   0
    203333    4   2
    202064    3   0
    221491    2   0
     36172    4   0
    166350    3   4
    195655    3   0
    203665    2   0
    155113    0   3
    158540    3   4
    164799    4   3
    163113    3   4
    150929    3   4
    210165    0   4
     40129    0   3
     36367    1   2
    194449    1   2
    165366    3   4
    149662    3   4
    150647    3   4
    201638    3   0
    148962    3   4
     27550    0   3
     48048    0   2
    209969    4   0
     34312    1   2
    203518    2   1
     37794    4   0
    151091    3   4
     42184    4   2
    141836    4   3
     43748    2   1
    163191    3   4
     37892    3   0
    210593    2   0
    155165    2   4
    199894    3   0
    211248    3   0
    159681    4   3
    154473    4   3
    223041    0   3
    151672    4   2
    154154    3   4
    193693    4   0
    152414    4   3
    173244    3   2
    198034    0   3
    143854    3   4
    153245    4   3
    151227    3   4
    212033    2   1
    179430    4   0
     77385    2   1
    165753    3   4
    210189    4   2
    145493    3   4
    195493    3   0
    141430    3   4
    161190    4   3
    146143    3   4
    153710    4   3
    200684    2   3
    221272    0   3
    201872    2   0
    141105    3   4
     75601    2   1
     43398    3   0
    148465    0   4
    198024    0   3
     40803    3   2
    156723    1   2
    144979    3   4
     23914    0   3
    212986    0   3
    201925    4   2
    161639    4   2
    141186    3   4
    150855    4   3
    177042    1   2
     21850    0   3
    156728    4   0
     41015    3   0
    202819    2   0
    144985    3   4
    201060    3   0
    184118    1   2
    166817    0   4
    195831    3   0
    194246    3   0
     40300    1   2
    209821    2   3
    201798    2   0
    105758    1   2
    153115    4   2
     47908    0   2
     20257    2   3
    211314    2   0
    196597    3   0
    165203    3   4
     37563    3   0
     35585    3   0
    194253    0   3
    210182    0   4
     42282    0   1
     36622    4   0
    150847    3   4
    201921    3   0
    166310    3   4
     42633    4   0
    210710    0   4
    153405    3   4
    197534    3   0
     36267    2   1
    196714    1   0
    187547    4   3
     41238    3   0
    145032    4   3
    164009    4   3
    222810    1   0
    154346    3   4
    204657    2   0
     77977    1   2
    150117    3   2
    197496    0   3
    159493    3   4
     21004    3   0
     35760    2   1
    149375    4   3
    202181    3   0
    163027    4   3
    195232    0   3
    181183    4   3
     38358    2   0
    152807    3   4
    212808    0   3
    202254    0   3
    162181    3   4
    196083    1   0
    194567    4   0
    212976    2   4
    159193    2   4
    211767    1   2
     78869    1   2
     43985    1   2
    209898    4   0
    156990    3   4
    148939    3   2
    222367    2   1
    223080    3   1
    210068    3   0
    157193    3   4
    149093    4   3
    202742    1   2
    200379    0   3
    195756    1   2
     21471    2   1
    147888    3   4
    222108    0   1
    220821    0   3
    146955    3   4
     80749    1   2
    206217    0   2
    141308    3   4
    151304    3   4
    212951    0   4
    148644    0   4
    191385    2   3
    211071    3   0
     83825    2   1
      4064    1   3
    204110    2   0
    203692    0   3
    198886    3   0
    146251    2   4
    221883    3   0
     24895    1   3
    158081    3   4
     21528    3   1
    221246    3   0
    143740    3   4
    153030    0   4
     34747    0   2
    199184    0   3
    165414    3   4
    196504    4   0
     33897    4   0
    155547    4   0
    222255    0   3
    143310    3   4
    152364    4   3
     75245    1   2
    202588    3   0
     35811    1   0
    171989    1   2
    152958    3   4
    171404    2   1
     35850    0   3
    196021    3   0
     43157    3   0
    222502    3   0
    200704    3   0
    200106    3   0
    211805    4   0
    147769    4   3
    197863    1   3
    210499    4   0
    193776    2   0
    195501    0   3
     75940    0   3
    195416    3   0
    222727    2   1
     74519    4   0
     34460    2   0
    190791    4   0
    202497    2   0
    202619    3   0
    204936    2   0
     78781    1   2
     34299    1   2
    221654    2   0
     35031    2   4
    104658    0   3
    150096    3   4
     34466    0   3
    201098    2   0
     47080    0   2
    163212    3   4
    203068    3   0
    151212    4   3
    166834    0   3
    197574    2   0
     45665    0   3
     77341    1   2
    204874    3   0
    212427    0   3
    147776    4   3
     23140    3   0
     78746    1   2
     36584    1   2
    200709    0   3
    154664    4   3
    149686    3   4
    153527    4   3
    143999    3   4
     42448    2   1
     35969    3   0
    166720    3   4
    162497    4   3
    220869    3   0
     79052    2   1
    195956    2   1
     44904    4   2
    155806    0   2
    222317    3   0
    206401    1   2
    145265    3   4
    160083    3   4
    221216    3   1
    221168    0   3
    146413    3   4
     37918    1   3
     20545    2   1
    195729    2   1
    146107    3   4
    166724    2   3
     44487    4   2
     55451    1   3
    164901    4   2
    221131    2   0
    210210    2   1
    222183    0   3
    149046    3   4
    211708    4   0
    158059    4   3
     39262    3   0
    221353    1   0
    146049    4   0
    204090    2   1
    159959    3   4
    158376    3   4
    211051    3   4
     21134    0   3
    195524    0   4
    154011    4   2
    149373    2   4
    153895    0   4
    144568    3   4
     40301    2   0
    147277    3   4
    143628    4   3
    151209    3   4
    193768    3   0
     38315    3   0
    143115    3   4
    148019    4   3
     76400    3   1
    209569    0   4
    161601    3   4
    155966    3   4
    200232    1   2
    200566    2   0
    181802    3   2
    221268    1   3
    211680    0   4
    181741    3   2
    155947    4   3
    144368    4   3
    210251    4   3
     43132    2   1
    163757    4   2
    161627    4   2
    155282    3   4
    143743    3   2
     34434    4   0
     40072    4   0
    194550    2   0
    222106    1   3
    200349    0   3
    210701    4   2
    144446    3   4
    165205    4   3
    194065    4   2
     33936    4   2
    151051    3   4
    223009    2   1
    154881    3   4
    204668    2   1
    221211    3   1
    211884    4   0
    199823    4   2
    161905    3   4
    106869    0   3
     38200    4   0
    222831    0   3
     80302    1   2
     76393    3   1
    185792    2   1
