  104748    2   4
  204721    2   7
   22084    5  12
   79811    2   8
   44591    9   3
   39856    2   9
   80233    2   8
  194115    2   7
   62705   10  12
  193951    2   7
   23904    1   5
   20301    5   1
  207721    3   8
   34255    2   9
    1753    2   3
   24212    1   5
  204694    2   7
   33798    1   5
   20890    5  10
   74771    2   8
  211911    2   3
  195082    2   7
   56050    2   6
   82843    8   2
   26857    5   1
   61553    2  12
  221378    2   3
  108235    2   4
    1825    2   3
    2396    2   3
  106086    4   3
   29950    1   5
  198861    2   7
   35120    2   9
   19289    5  10
   28701   10   2
  201400    2   7
   68090   10  12
  197554    2   7
  202817    2   7
  221340    2   3
   34106    2   9
   21956   10   5
   20022    5   1
  205489    2   7
  202044    7   2
   22365    1   5
   67288    6  12
   22522    5   1
   81428    2   8
  221587    2   3
  199271    2   7
   20666   10   5
  201370    7   3
   56781   12   5
  204349    2   7
  210527    2   3
   80192    2   8
   33159   10   5
  211227    2   3
   22300    5   6
   22256   10   5
   27949    5   6
    1332    2   3
   26956   10   5
    3356    2   3
  210163   12   3
   37028    9   2
   31951    5  10
   20520   10  12
   21857    1   5
   28420    1  10
   35006    9   2
   76370    2   8
   83702    2   8
   19663    5   1
   25001    1  10
   19295    5   1
   54084    6   5
   28819    5   1
      92    2   3
  199234    2   7
  221600    2   3
   24275    5   1
   23099    5  12
  221082    2   3
   31771    5   1
   25113    5   2
   33924    2   7
   54450    6  12
   27177    1  10
  205914    2   7
  197223    2   3
   82099    2   8
   26290    5   1
   23162    5   6
   20378    1   5
   19193    5  10
   42195    9   2
  199014    2   7
   74425    2   8
   22452    5   1
  203529    2   7
  105828    2   4
   51772    6  12
   34731    2   9
  210211    3   7
   52265   12  10
   21032   10   5
  212207    3   7
  206830    2   3
   80880    2   8
  197686    2   7
   57326   12   6
  221798    3   2
  197706    2   7
   26874    5   1
  203041    2   7
   66307    6   5
  198978    2   7
   45197    9   2
  105671    2   4
   23820   10  12
   75530    2   8
  198286    2   7
  204863    2   7
   25339    5  10
   25227    1   5
   19621   10   5
   28023    1   5
   41340   12   9
   20503    1   2
    2176    2   3
  198249    2   7
  198652    2   7
   28704    1   5
  222969    2   3
  222259    2   3
   25572    5   1
   20037   10  12
   19660    5   1
   31176    5   6
   19251    5   6
   80234    2   8
   77307    2   8
   29463    5   6
  201610    2   7
   26152    1   5
   30292    5   1
   26960   10   1
   53823    6  12
  199925    2   7
   57710    6  12
  197920    2   7
   83260    2   8
  196215    2   7
  203944    2   7
   60035    6   9
   63899    2   6
  196070    2   7
   60825    6   5
  201481    7   2
   78481    2   8
  212685    2   3
   20973    5   6
   37697    9   2
   19566    1  10
   19337    1   5
   29581    5  12
     869    2   3
   75198    2   8
  198970    2   7
   19165    5  10
  222472    2   3
  204096    2   7
   75788    2   8
  204576    2   7
   60758    2   1
   23042    5   6
  202438    2   7
   20903   10   5
   38460    9   2
  194726    2   7
  212273    2   7
   61437    6   5
   74473    8   2
   53231    6  12
   78948    2   8
   27293    1   5
   35423    2   9
   45382    2   8
   25234    5  12
   32833    5   2
  194893    2   7
   23303    5  10
  221683    2   7
  201961    2   7
  202458    2   7
   19774   10   1
   22656    1   5
   52423   12  10
   54862    6   5
    1087    2   3
   28225    1   6
  205846    2   7
   21520    5  10
  198825    2   7
   57470   10  12
  206752    2   7
   22314    1  10
  206832    3   8
   23088    1   5
  194876    2   7
   23038    5   1
   22647    1   5
   22528   10   5
  104836    2   4
   21886    5   1
   36942    2   9
   24119    5  10
   33395    1   5
   24215   10   1
   82582    2   8
  210806    3   9
   62810    6  12
   82519    2   8
   31959   10   1
   57610    2   5
   24383    5  10
  203913   12   7
  201433    2   7
  209525    3   7
   31966    5   1
    6295    2   3
   81693    8   3
  204293    2   7
   20054    5  10
  212177    2   3
   19912    1  10
    2190    2   3
   32512    5   6
  209874    3   2
      49    2   3
   57142    6  12
  210183    3   5
   21889    1   5
   22570   10  12
    2154    2   3
  198046    2   7
   62816    6   5
   57014    6  12
  213052    3   5
   31288   10   5
   32487    1   5
   35509    2   9
   27279    5   1
   79924    2   8
   42761    2   9
   67448    2   6
  222645    2   3
  202451    2   7
   69585   11  12
     992    2   3
  211454    2   3
    1808    2   3
  197956    2   7
  202749    2   7
   26464   10   5
   65512   12   6
   23733    1   5
  222603    2   3
   27786    1   5
   21935   10   5
   64021    2   1
   67666    2  11
    1719    2   3
  198847   12   3
  205158    2   7
   19466    5   2
  204309    2   7
  210928    2   9
  202187    7   2
  220990    2   3
   38390    9   3
   53077    6   5
   83744    2   8
   78594    2   8
   27260    5  10
     827    2   3
  196143    2   7
    2732    2   3
   19814    1   5
   51801    6   5
   63426    2   1
   33952    2   9
  207496    3   8
   26585   10   5
   54542    6  12
   19392    5   2
   23179    5   1
   55179   12  10
  195053    2   7
   35305    2   9
   53414    2  12
    2539    2   3
  206577    2   7
  221193    2   3
    8110    2   3
   19552    5  10
   68952    6  12
   23368    1   5
   32632   10   5
  104537    4   2
   78632    2   8
   53499    6  12
  203044    2   7
  108651    2   4
   27861    5  12
  220829    2   3
   60961   12   6
  201683    2   7
   74241    2   8
    3023    2   3
  197797    2   7
  201760    7   2
   54781    6  12
   28682    5  10
   21275    5  10
   67799    2   6
   31759    5   6
   37949    2   9
  104639    2   4
  205112    7   2
  107247    4   2
   23355   10  12
   21789    5  10
  194798    2   7
   54729   12   6
  206746    2   7
   22328    1   5
    7822    3   2
   53675    6  12
  202931    2   7
  198684    2   7
   28357    1   5
   36895    2   9
   21260    5   1
  209866    2   1
   43398    2   3
  199980    2   7
  205352    2   7
  206919    2   3
   28325    5   1
    1211    2   3
   19966    5   1
  193760    2   7
   20221    5  10
   26272    1  10
   27911    5   1
  195234    2   7
   79673    2   8
   22177    5  10
   35065    2   9
   41748    2   9
     559    2   3
  210134    3   8
   63400   12   5
   19860    5  10
   76110    2   8
   19195    1   5
  104779    2   4
  202163    7   2
  201594    2   7
  199283    2   7
   23627    5  12
   61366   10  12
   21539   10  12
   24000    1   5
   30277    1  12
  195711    2   7
