    104748    0   1
    204721    0   1
     22084    1   4
     79811    0   1
     39856    0   1
     80233    0   1
    194115    0   1
     62705    2   4
    193951    0   1
     23904    0   1
     20301    1   0
     34255    0   1
      1753    0   1
     24212    0   1
    204694    0   1
     33798    0   1
     20890    1   2
     74771    0   1
    211911    0   1
    195082    0   1
     56050    0   1
     82843    1   0
     26857    1   0
     61553    0   4
    221378    0   1
    108235    0   1
      1825    0   1
      2396    0   1
     29950    0   1
    198861    0   1
     35120    0   1
     19289    1   2
     28701    2   0
    201400    0   1
     68090    2   4
    197554    0   1
    202817    0   1
    221340    0   1
     34106    0   1
     21956    2   1
     20022    1   0
    205489    0   1
    202044    1   0
     22365    0   1
     67288    1   4
     22522    1   0
     81428    0   1
    221587    0   1
    199271    0   1
     20666    2   1
     56781    4   1
    204349    0   1
    210527    0   1
     80192    0   1
     33159    2   1
    211227    0   1
     22256    2   1
      1332    0   1
     26956    2   1
      3356    0   1
    210163    4   1
     37028    1   0
     31951    1   2
     20520    2   4
     21857    0   1
     28420    0   2
     35006    1   0
     76370    0   1
     83702    0   1
     19663    1   0
     25001    0   2
     19295    1   0
     28819    1   0
        92    0   1
    199234    0   1
    221600    0   1
     24275    1   0
     23099    1   4
    221082    0   1
     31771    1   0
     25113    1   0
     33924    0   1
     54450    1   4
     27177    0   2
    205914    0   1
    197223    0   1
     82099    0   1
     26290    1   0
     20378    0   1
     19193    1   2
     42195    1   0
    199014    0   1
     74425    0   1
     22452    1   0
    203529    0   1
    105828    0   1
     51772    1   4
     34731    0   1
     52265    4   2
     21032    2   1
    206830    0   1
     80880    0   1
    197686    0   1
     57326    4   1
    221798    1   0
    197706    0   1
     26874    1   0
    203041    0   1
    198978    0   1
     45197    1   0
    105671    0   1
     23820    2   4
     75530    0   1
    198286    0   1
    204863    0   1
     25339    1   2
     25227    0   1
     19621    2   1
     28023    0   1
     41340    4   1
      2176    0   1
    198249    0   1
    198652    0   1
     28704    0   1
    222969    0   1
    222259    0   1
     25572    1   0
     20037    2   4
     19660    1   0
     80234    0   1
     77307    0   1
    201610    0   1
     26152    0   1
     30292    1   0
     26960    2   0
     53823    1   4
    199925    0   1
     57710    1   4
    197920    0   1
     83260    0   1
    196215    0   1
    203944    0   1
     63899    0   1
    196070    0   1
    201481    1   0
     78481    0   1
    212685    0   1
     37697    1   0
     19566    0   2
     19337    0   1
     29581    1   4
       869    0   1
     75198    0   1
    198970    0   1
     19165    1   2
    222472    0   1
    204096    0   1
     75788    0   1
    204576    0   1
    202438    0   1
     20903    2   1
     38460    1   0
    194726    0   1
    212273    0   1
     74473    1   0
     53231    1   4
     78948    0   1
     27293    0   1
     35423    0   1
     45382    0   1
     25234    1   4
     32833    1   0
    194893    0   1
     23303    1   2
    221683    0   1
    201961    0   1
    202458    0   1
     19774    2   0
     22656    0   1
     52423    4   2
      1087    0   1
     28225    0   1
    205846    0   1
     21520    1   2
    198825    0   1
     57470    2   4
    206752    0   1
     22314    0   2
     23088    0   1
    194876    0   1
     23038    1   0
     22647    0   1
     22528    2   1
    104836    0   1
     21886    1   0
     36942    0   1
     24119    1   2
     33395    0   1
     24215    2   0
     82582    0   1
     62810    1   4
     82519    0   1
     31959    2   0
     57610    0   1
     24383    1   2
    203913    4   1
    201433    0   1
     31966    1   0
      6295    0   1
    204293    0   1
     20054    1   2
    212177    0   1
     19912    0   2
      2190    0   1
    209874    1   0
        49    0   1
     57142    1   4
     21889    0   1
     22570    2   4
      2154    0   1
    198046    0   1
     57014    1   4
     31288    2   1
     32487    0   1
     35509    0   1
     27279    1   0
     79924    0   1
     42761    0   1
     67448    0   1
    222645    0   1
    202451    0   1
     69585    3   4
       992    0   1
    211454    0   1
      1808    0   1
    197956    0   1
    202749    0   1
     26464    2   1
     65512    4   1
     23733    0   1
    222603    0   1
     27786    0   1
     21935    2   1
     67666    0   3
      1719    0   1
    198847    4   1
    205158    0   1
     19466    1   0
    204309    0   1
    210928    0   1
    202187    1   0
    220990    0   1
     83744    0   1
     78594    0   1
     27260    1   2
       827    0   1
    196143    0   1
      2732    0   1
     19814    0   1
     33952    0   1
     26585    2   1
     54542    1   4
     19392    1   0
     23179    1   0
     55179    4   2
    195053    0   1
     35305    0   1
     53414    0   4
      2539    0   1
    206577    0   1
    221193    0   1
      8110    0   1
     19552    1   2
     68952    1   4
     23368    0   1
     32632    2   1
    104537    1   0
     78632    0   1
     53499    1   4
    203044    0   1
    108651    0   1
     27861    1   4
    220829    0   1
     60961    4   1
    201683    0   1
     74241    0   1
      3023    0   1
    197797    0   1
    201760    1   0
     54781    1   4
     28682    1   2
     21275    1   2
     67799    0   1
     37949    0   1
    104639    0   1
    205112    1   0
    107247    1   0
     23355    2   4
     21789    1   2
    194798    0   1
     54729    4   1
    206746    0   1
     22328    0   1
      7822    1   0
     53675    1   4
    202931    0   1
    198684    0   1
     28357    0   1
     36895    0   1
     21260    1   0
     43398    0   1
    199980    0   1
    205352    0   1
    206919    0   1
     28325    1   0
      1211    0   1
     19966    1   0
    193760    0   1
     20221    1   2
     26272    0   2
     27911    1   0
    195234    0   1
     79673    0   1
     22177    1   2
     35065    0   1
     41748    0   1
       559    0   1
     63400    4   1
     19860    1   2
     76110    0   1
     19195    0   1
    104779    0   1
    202163    1   0
    201594    0   1
    199283    0   1
     23627    1   4
     61366    2   4
     21539    2   4
     24000    0   1
     30277    0   4
    195711    0   1
