  193920   15  10
  205719   22   3
  211267    2  25
  195138   15   3
   29987    5  20
  206167    8  15
  143573   17  24
   36223    7  13
  146271    9  17
  213060    4   7
   36132    1   2
   44689   23   1
   35529   13   7
   40939    1   2
  210730    2  18
  194280    8  15
  211861   25  10
  209628    4  10
  147779   24   9
   36515   23  18
  161549   17  24
  206763   15  25
   57119   19  21
   61910   19  20
  222782   10   4
  158255   17  24
   21324    5  10
   22084   20  19
  168121   14  21
  197961   22   3
  213273   18  10
   78981   18   6
  221190    2  18
  174346   21  19
  196777   15   3
   44261   23   1
  143391   17  24
   44591   25   2
  184810   21  14
  211679    4   7
  199129    3  22
  148597   17  24
  203856   22   3
   81381   18   2
  211360    4   7
  210015   25   2
   29984   10   5
  183637   21  20
  140960   17  24
  140024   17  24
  220922    4  10
  203949   22   3
   74671    6  16
  222296   10  18
   35808    7  13
  198065    8  15
   63428    4  19
  148161   17  24
  147931   24  17
   40762    7  13
   38145   23  13
  195748    8   6
  212550   25   2
  152803   17   9
  145871   24  17
   45387    7  13
   37099   13   7
  152650   24  17
   83843    2  18
  175512   21  20
   64189   19  21
  210916    4   8
  159524   17  24
  210667   10  15
   26081    5  20
   23271    2  20
  213341   10  15
  154675   24  17
  191105   21  19
   55072   19  20
  193705   22   3
   36259    1   2
  159451   17  24
  210053   10   8
  158368   17  24
  185001   21  14
   44223    7  13
  223062   10   4
  211030   25  18
  168024   14  10
    6300   10  12
  222849   18   2
   79168   16   6
   35420    1  13
  160350    2  17
  174393   21  19
   22676   20  21
  205174   22   3
   24937   20  19
  165096    9  10
  197752   22   3
  166406   17  24
  147225   24  17
   57018   19  21
  151320    9  13
   58935   19  20
  212166   25   2
  156107   17  23
  198160    8   4
  152401   17  24
  211974    2   3
  144851   17  24
  160299   17  24
   76666   16   2
   27241   20  19
  163428   24  17
   55606   19  21
   78350   18  22
  149523   17  24
  211061    2   3
   47925   23  18
   80140   25  16
  167853   21  24
  185367   25  21
  144051   17  24
  197942   22   4
  166238   17  24
  196814   22   3
  220955   10   4
   41337   13  18
  213206   18   3
  212749   18   2
  223025    2  18
   62025   19  20
  155703   24  17
  210807   10  13
   39714   13   7
  213487   10   3
  156155   24  17
  193846    8  15
  210042    2  22
   37624   13   7
  209749   25   2
   74506    6  16
   20634    5   4
  212171    2  18
  201976    3  22
  222983   18   2
  197937   15  13
  204610   15   8
  221547   10   4
  149388   24  17
  143881    9  13
  197612   25  15
   34982   25   1
   41272   25  13
  157428   24  17
   42164    1  23
   27139   10  14
  196017    3   8
   35739    7  13
  209540    2   3
  203663   22   3
  222719   18   2
  211307   18   1
  211203    4   8
   53408   19  20
  212884   18   2
  206041    3  22
  153730   24  17
  143642   17  20
  183110    4   7
  160062   17  24
    3969   18  22
  147880   17  24
  196448    3  22
  182893    4   7
   43754    1  13
  153614    9  24
  171288   21  20
  205021   22   3
  167928   21  20
  164747    4   7
  157693   17  23
   38700   23  13
  163937    2  24
  212747   25   2
  160357   24   2
  211751   25   3
   77381   25  18
   33914   23   1
  211163    4   6
  189367   21  14
  169925   21  19
   23122   20   5
  194371    3  22
   80587    2   6
  185862   21  19
   33798   20  18
  198917   15  10
  211138    4   7
  210220   10   2
  145773   17  24
  105830   25  18
  177942   21  20
   82675   18  16
   43732   25   2
  104849   25  12
   31009   20  18
  152274   17  24
  210442   10   9
  154062   17  24
  167937   21  20
  144136    9  24
  222647   18  10
  148591    2  17
  210696   25  10
  157165    9   7
  168692   25  21
  213077    2  10
   40013   25   1
  222944    2  18
  220951    2  18
  197106    3  22
   81153    2  16
   44683   23   1
  221095   10   2
  200455   15  10
   78142   16   2
  178707   21  20
  211304    2  21
  209739   25  23
   78053    6   8
  167289   24  17
   41440   23  13
  147689   24  17
   34591    7  13
  212287   18  23
  200307   15  10
   30540    5  20
   25008   20  21
   83013   25  16
   33456   20  21
  154723   24  17
  212688    2   1
   35782    1  23
   43017   23   1
  222664   18   2
  212735   25   2
  151106   24  17
   77311    2  16
  142860   17  24
  145518   17  24
    5371   18  19
  212881    2   3
  209700   18   3
  206650    3  22
  159430   17  24
  183199   21  23
  209659    2   3
   32051    5  20
  142648    2   1
  165833   24  17
  141896   24  17
  151990   17  24
  169521   14  13
   35723    7   1
  141561   17  24
   75795    6  16
  156263   17  24
  211215    2  25
  200394    3   2
  193701   15   8
   74536   16   6
  209753    4   8
  150716   17  24
   78622   18   2
  222282    4  18
  210194    4   8
  212122    2  25
  222404    4   2
   38237   25   2
  223035    4  18
  199308   15   3
  222089   10   4
  213198   10  15
  211859   18  22
  200984   15   8
  210088   10  13
   20453    2  20
  161317   17  24
  209956    2   1
   76828    6  16
   60863   10  19
  144495   24  17
  221540   18   2
  222230    2  18
  157042   17  24
  178057    4  14
  140358    2  24
  212873    2  18
   81467    2   3
  179343   21  19
  196929   25   3
  158248   17  24
  144578   17  23
   36544   23   1
   52429   19  21
  210603   25   4
   37513   23   1
  179946   25  24
   78556    6  16
   26688   20  21
  201772    3  15
   52660    4  19
  209649   18   2
  200013   22   3
  168724   21  19
  169980   21  20
  212990   10  15
   39069   13   7
   46321   13   1
  210353    4   8
  210502   25  10
   84543    2  18
   22293   20  19
  156938   17  24
  180632   25  21
  212284   10   2
  204979   25   3
  222053   18   4
  221786    2  18
  156336   24  17
    2769    2  12
  210520    2   1
  106086   11   4
  145879    9  13
  143574   17  24
  194645   22   3
  209582    4   7
  204537    3  22
  211255   18   3
  154021   17  24
  104162    4  11
  205810    8   4
   36046   23  18
  212476   10   2
  205213   22   3
   80529    6  16
  167544   21  20
  152572   24  17
  213509   25   3
   36123   23   1
  166281    9  24
   74427   25  16
   79293   18   2
  105531    4  18
  144551    2   1
   76416   16   6
  154894   17  24
  145267   17  24
  175779   21  19
  157419   17  24
  157520   17  24
  202138    8   4
  210774   25   2
  201075   15  10
   36603    1  23
   24137   20  19
  168474   21  20
  194376   15   3
  160247   17  24
   74552    2  18
  206091    8   4
  200201   22   3
   76041    6   7
  201715   25   3
   39566    1   7
   37200   25   2
  166371    4   7
   79420    2  18
  197801   25   3
  147756   17   9
  106228   18  11
  176118   21  20
  210968    2  25
   19595   10   2
  142192    4   8
   24002   10  13
  160824   17  24
  176239   14  10
  164401   24   1
  161797    4   7
  107414    2  18
  200392   15   8
   76003   18   2
  197868   15   8
  209813    2   3
  108340    4  11
  197700   22   3
  222932    2  18
  211258    2  18
  210317   10  15
  198165    3  22
   21592    5  20
   26948   10   5
  195948    3  18
  185517   21  20
  198416   22   3
  199729    3  18
   35974   25   1
  213016   18  22
  223086   18   4
   20091    5   4
  148237    2  24
  210061   10  15
  197554   22   3
  203520   22   3
  209950   25   2
  159454    2  17
  221270   10   4
   40045    1  23
  200060    3  23
  104666    2  11
  211193    2   3
  186370   21  20
  147905   24  17
  213255   10  13
  144911   17  24
  195072   22   3
   44574    1  23
  161149   17  24
  144364   17  24
   37339   23   1
  159813    9  13
  200630   15  10
  151679   17  23
  171412   21  19
  159975   17   9
  151923   24  17
  161256   24  17
  140702    9  24
   36081    1   2
   58775   19  20
   38227   13   7
  150801   17  24
  221340    2  18
  180779   21  19
  211898   10   3
   35783    1   2
  178791   21  20
  221064   18   2
  211741   18  25
  168106   21  14
  200744   22   3
   37076   13  15
  206074   22   3
  145254    4   7
  209837   25   2
  158792   17  24
  213007    2   1
  211080   18   2
  142698   24   1
  212400   25   1
  222198    2  18
   34959   13   1
  182428   21  19
  183155   21  19
  195345   15  10
  150345   24  17
   74698   16   6
   35889   23   1
  212405   10  15
  143559   24  17
  194967    3   1
   38580   25   1
  173615    4  14
  211857   25   2
  194455   22   3
  210610    4   6
   76354    6  16
  171203   21  19
   39156   25   1
  201042    3  22
  222003    2  18
  200725   25   3
   38078    1   3
  211917    2   3
  205565    3   2
  206819    8  15
  144363   24  17
  207158   10   4
   33248    5  20
  211729    2  10
  190736   21  20
  213001   18  23
  212564   18   2
  221630    2  18
  144335   17  24
  183304   21  19
  210168    2  18
  169230    4   7
  174057   21  19
   41244    1  13
   35462   23   1
  209536    2   3
  183785    4   7
  210012   25   2
  211746    2  25
  140380   17  24
  197015   22   3
   36247   23  19
  222775    2   4
  203183    8  15
  210374    2   1
  166113    9  17
  213087   18  23
   35758   25   1
  140204   17  24
  195991   22   3
   36527    1  23
  212600    2   3
  164462   17  24
   64905   19  21
   37642   23   1
   81760   16   6
  146174   17  24
   40096    1   2
  158917   17  24
   35309    1  13
  155271    9  24
  194992   15   8
  210734    4   8
   37037   13   1
  204068   22   3
  206015   15   3
  140895   17  24
   77556    2  25
  166989   17  24
   67023   19  21
  211167    4   7
   36697   13   7
  194299    8   7
   33713   20  22
  145541   17  24
  162650   24  17
  146700    9  24
  221788   10   4
   61388   19  21
   39666   23  18
   47763    7  15
  211790   25   2
   80711   16   6
   82347   16   6
  141158   17  24
   62511   19  20
  204167   25   2
   54423   19  20
  194059   22   3
  154241   24   1
   66167   19  21
  151783    2   9
  175203   21  19
  156252   17  24
  174978   21  14
   43424   13   1
  184083    4  14
   38967   23   7
  194360   15   8
  156037   17  24
   81119    6  16
  144147   24   2
  213364    4   8
  213305    2   3
  145836   17  24
  222886   10   4
   83296    6  16
  146341   24  17
  193858   22   3
  194986    3  22
  144952    9  14
   38228    1   7
  198383    3  22
  212420   10  25
  221354    2  18
  197153   22   3
   36950   25   1
   20928   20  18
   45598   13   1
  221692    2  18
  180217   21  19
  145555    9  24
  209707   25  21
  209756   25  24
   74178   16   6
  160486   17  24
  209765   25   2
   79698   18   2
   77062   16   6
  221046   18   2
  159259    4   7
  146070    9   1
   34194   23  13
   38279   25   1
   35062   23   1
  209611    4   6
  153528   24  17
   36760   25   1
  200144    8  15
  145239    9  13
   43478   23   1
  213191   10  12
  152736   17  24
  140962   17  24
  211908   10   9
  154710   17  24
  196928    3   2
  221147   10   4
  148952   24  17
  187380   14  13
   80165    2  16
  210475    4   8
  173015   14  13
   32629    5  20
  165458   17  18
  190913   21  19
  181733   21  20
  212108   25   2
  212012    2  10
  154348   17  24
  222800    2  18
  147964   24  17
  196165   22  18
  161419   17  24
   28660   20  23
  144084   17  24
    1664    4  12
  198795   15  10
   34888    1   2
  210257   18  23
  195339    3   8
  211358   18   2
  150382   24  17
  211206    4   8
  197118   15   3
  166171   17  24
  205002   25   3
  145723    4   7
  147181   17  24
  166109   17  24
  200621    8   4
  207585   10  11
   35956    1  23
   35092   23   3
  151808   17  24
  203090    3  22
  163827   17  24
  165238   17  23
  213140   10  13
  198300    3  22
  194637   15   3
  222904   18   2
   78095   18   2
  146582   17  24
   38980    1   2
  199600   15  10
   51811    4  20
   19852    2  20
  186612   21  19
  203485    8  15
  196877    8  15
   59921   19  20
  196766   15  10
  173069   25  10
   39229   25  13
  181248   21  20
  195694   15   2
   55376    4  19
  211812   10  13
  194786   25  15
  212182   10  13
  211122   25  18
  150115   17  24
   37590   23   2
   35881    1  13
   63149   19  21
  211313    2  18
   25355    5  10
  196967   15   8
  211377    2   3
  149577   17  24
   58407   19  23
   38362    1  23
  221686   18   2
  142825   17  24
  198920    3   8
  152940   17  24
   34297   23   1
    3529   12  15
  197409   22   3
   24845    2  10
  196091   25   2
  158167   17  24
  212626    2   3
  182605   21  19
  194833   15  13
  162140    2  20
  213086    4  10
  198641   15  10
   26777   20  19
  193251   21  20
  106935   25   2
  210167   10  15
   35399   25  23
   20944   20  21
  209506    2  18
  165249   24  17
  177750    4   7
  184441   25  14
   41023   25   1
  178065   21  20
  210400    2   3
  142965   17  24
   28623    5  20
   25969    2  20
  140229   17  21
  148387   17  24
  200664    3  22
   32829   10  13
  199688    8   4
   43744   13   1
  186617   21  20
  161200    2  24
  161141   24   3
   45596    1  13
  181302   21  19
  211224    2   3
  163173   17  24
  209774   18   1
  187429   21  20
  210163   10  24
   81510   16   6
  181803    4   7
   78800    6  16
  210047   25   2
   37028    1  25
  140612   17  24
   34488    7  13
  197178    3  22
  210843   18   2
  191152   21  19
  199960    8  15
   41571   25  24
  170456   21  19
  212252    4   8
    2428    2  18
   54264   19  20
  211483    4   7
  211957    2  18
  203222   15   8
   20520   20  21
  140097    2   1
   48224   13   4
  162003   17  24
  153685   24   9
   64823   19  21
  199679   22   3
  210030   10  15
   47173   25   1
   20411    5  20
  164892   17  24
  223052   10   4
  198284    3  22
   28129   20  19
  153613   17  24
  159030    2   1
  221199   18   2
  141659   17  24
  186092   14  13
   27194   10  20
  210838   10  13
  156627   17  24
  199440   22   3
  222631   10   4
  209919   18   1
   81805    2  16
  107314    2  18
   35472    7  13
  206600    3  22
  195668   25  15
   35475   23   7
   37689   13   7
  206655    3   2
  201170    8  15
   22771   20  23
  157159   17  24
   63735   19  20
  159830   24  17
  157811   17  24
  210292    2   8
   44622   13   1
   43242    7  13
  145086   24   9
  203494    3  22
  181342   21  20
  147175   24  17
  212643    2  10
  196753   25   3
  212854   25   2
  157663   24  17
  221666   10   4
  164023    4   7
  178511   25  14
   76417   16   6
  211100   18   2
  157131   24  17
   41044   13  23
  194686   15  10
  203790    3  18
  142590    2   1
  163825   24   9
  188253   14  10
  211676   10  13
  159465   24  17
  211216   25  24
  210036   25   2
   19692   20  21
  143928   17  24
  165119   17  24
  151935   24  17
   80610    2   6
  142007   24  17
  204302    3  22
  210914    4   8
   57734   19  21
  172442   21  20
  151785    9  24
  155399   17  24
  212388   18   3
  213073   25   2
  151451   17  24
  210283   25   2
   82624   16  10
  202728   22   3
  151647   24  17
  196312    3  22
   34439   23   1
  209847   10   2
  188838   14   4
  144018   17  24
   34762   23   1
  202634    3  22
  149112   24  17
  185179   14   9
   46100    7  13
  203717   22   1
  198564   15   3
   39011    1  13
   29357    5  20
  198801   25   3
  104551    2   3
   41826   13   4
   35115   25   1
   37752   25   1
  142597   24  17
  145512   24  17
   32626    2   1
  210429    4  15
  162378   24  17
   26775   20  21
  222716   10   4
  153442    9  13
  201411    8   6
  104943    2  18
  159769   17  24
  209846   25   2
   44612    1  25
   74583   25   2
  157052    2   9
   76497   16   6
  144391   24  17
   81308    6  16
   38576   13   7
  149184    9  13
  212094    4   8
  151595   24  17
   35440   23   1
   42078   25   1
  220986    4  10
   20302    5  10
  160444   17  24
  161297   17  24
  154204   17  24
   24216   20  21
   76229   16   6
  221440    4  10
  195789    3  22
   74600   16   6
  144032   24   2
   37292   25  13
  176389   21  13
  179884   21  19
  203649   22   3
   27370    2  23
   35377    7  13
  210874   10   2
  212863    4   7
  151409   17  24
  211764    2  10
   38733   13   7
  202970   15   8
  211171   25   2
  204596   25   3
  164728   24  17
  206365   15   3
  210282    2  25
  162628    2  24
  212717    2  25
   34906   23   1
  154876   24   2
   67340    4  19
  199637   22   3
  155365   24  17
  195786   22   3
  210902    4   2
  212946   25   1
  202968   25   3
   38255    1  13
   77167    2   6
  193612   21  20
   74808   16   6
   33924    1   3
  141873   24  17
  148717   17  24
  156504   17  24
  197163   22   3
  210054   10   2
  194325   22   3
  146585    2  23
  148552   24  17
  211610   25   3
  205235   22   3
  185368   14   9
  210127   25   2
   20070    2  20
  212019   18   2
  147531   17  24
   31401   20  23
  211376    2  18
   76010   16  15
   35800   13   7
   30406   20  19
  211759    4  18
  157750   17  24
  146016    2  24
  197182   15   8
  172041   21  14
   38533   13   2
   82903    6  16
  204811   22   8
  209648    2   3
   37834    7  13
  190993   21  20
  166152   17  24
   37581   25   1
  140562   17  24
  188344   21  20
   77071   16  10
  195964    8   3
  209999   10   2
  203574   22   3
   82348    6  16
   21608   20  19
   53652    4  19
  213004   18  23
  150107    2  24
   19754   10   5
  147556   17  24
  212031   18   2
  143781   17  24
   37106    7  13
  208782   25   2
   38208   25   1
  159345   24  17
  174805   21  19
  190660   21  20
  154203   24  17
  143618   24  17
   26430    2  20
  199903    8  15
   79194    6  16
  209852    2  18
  200746    8   4
   75136   18   2
  213116    2   3
  146856   17  24
  211535    2  18
   51713   19  21
  161041   17  24
  152932   17  24
  211860   10   9
  212582   18  20
   47283   25  13
   52180   19  20
   34986   23   1
  165871    2  24
  212471   10  13
  211418    2   3
  151998   24   1
  203642    8   3
  145360   24  17
  195124    8   3
  212433   10   2
   44194   23   1
   40932    7  13
   76564   16   6
  212702   25   2
  157550   17  24
  148550   24   1
   58077   19  21
  211596    4  18
  196104   22   3
  195675   15   8
  159056   24  17
  143105    9  24
  167012   17  24
  199014    3  22
  213096    4   7
  222970    4  10
  165855   17  24
  144141   17  24
  159855   24  17
  163520   17  24
  161559    2  17
  157576   24   9
  222275   18   2
   33976    1  13
   42975   25  13
  211541   10  13
  168900   14  13
  195201    3   8
   36653   23   7
  156855   17  24
  153800   17  24
  176373    4  14
  212184    4   8
  183510   25  21
    3650   18  22
   38978   23   1
  200150   15   8
  166970    9  24
  106417   18  11
  166977    4   7
  222834   10   4
  168397   21  19
   77468   16  12
  151187   24  17
  220940    2   3
   83397    2  16
   77396   16   8
  187239    4   7
  143265    2  17
   22452   20  21
  183496   21  20
  145099    9  13
   24184   10  14
  195551   15   3
   35569    1  23
   37296    7  13
  184417   14  13
  165083   24  17
  168570   25  14
  144464   17  24
  210706   18  23
   39966    1  13
  195566   15   2
  211850    2  10
   78158   18   2
  179219   21  19
  167788   21  19
   46844    7   4
  170432   21  19
  159275    9  17
  211521   10   4
  160130   17  24
  196015    8  15
  210948   25   2
  149260   17  24
   81092   16  15
  222074    2   4
  200742   15  16
  142863   24  17
   84633   16   6
  184341   21  20
   62473   19  20
  153943   17  24
  149127   24  17
  220891   18   2
   34196   25   1
  213312    2  25
   81208   16   6
  155474   24  19
  165233    2  24
  211145    4   8
   34731    1  23
  195548    3   8
   36465   13   1
  203595   22   3
  222871   18   2
  210211    2   3
  198608   22   3
  187831   21  20
  205139   15   3
  152665   17  24
  196557    8  15
  155656   17   2
  196370    3  22
  159289    9   4
   34412   13   7
  202791   15   8
  222123   18   2
  193957   15   8
   59840   19  23
  212537   10   9
   46665    1  13
  153100   17  18
  147761   24  17
   41214   23  13
  212649   25   2
  212032   25   2
  210222   10  15
   37074    1  23
  143145   17  24
  194805   22   3
  148446   17  24
  149722   17  24
  195959    8   4
  156791   24   2
  210722   10  15
  194787   15  10
  149125   17  24
   41096   23   1
  174241   21  19
   19634   20  19
  211219    2   1
  179956   21  19
   80221   18   2
   74441    6  16
  196155   22   3
  147036   17  23
   27381    5  20
  202735   15   3
   24558   20   3
  195598   22   3
   55803   19  20
  201726   25   2
  152042   17  24
  221910    2  18
  197965    3  22
  145043   17  24
   45015   23   1
  143728    4   7
   41599   13   1
  194353   22  18
  170450   21   4
  191119   21  19
  212481    4   8
  159544   17  24
  141011   17  24
   43793   13   1
    1257    2  12
  196389    8   3
   81085    2  18
  152260   24  17
  142397   17  24
  212061   10   2
  176858   21  19
  141215   24   2
  166255   24  17
  142178   17  24
   34852   25   1
   44018   25   1
  211374   10  16
   34461   23   1
  221607    2  18
   52229    4   7
  212852    2  18
   31490   20  19
   76715   16   6
   77221   16  15
  221116    2  18
  212207   10  15
  187232    4  14
  211943   18   2
  149973   24  17
  160751   17  24
  201231   15   3
  140267   24  17
   82380   16   6
  143771   24   1
  146385    9  24
  210305   18   3
   37384    1  13
  161321   17  24
  203946   15  10
    8039   10  12
  222030   10   4
  209517    2  10
  196171   15   7
  149811   24  17
  213138   25   2
  200531   22   2
   58707   19  20
  212945    4   6
  142637   24  17
   40575    1  18
  145249   17  24
  167927   21  20
  212098   18  10
  165610   24  17
  220919   10   2
  149727   24  17
  154081   24  17
   44909    7  13
   20612    2   1
  186053   21  19
   34079   23  13
  195281    8  22
  203141    3  22
  198306   22   3
    3756   18  20
  175081   21  14
  195322   25   3
   45016    1  13
   20930   20  23
  141383   24  17
   32984   10  14
  146929    2  17
  206795   15  12
  212064   10  13
  145328   24  17
   51961   19  20
  221028    4   2
  201115    8   3
  141727    9  24
  203162   15   8
  178336   21  20
  145371   24  17
   66307   19  20
  211240   25  15
  209906   10  15
  198978   15   8
  201735   15   3
  171372   21  19
    3950   18  20
   36726    1   7
   74565    2  16
  209626    2   3
  165638   24  17
  201928    8   4
  154256    2  24
   42982   13   1
  161693    9  10
  210833   25   2
  221207    2   3
  162576   17  24
  211257   18  23
  162905   17  24
  197270    3  25
   35777    7  23
  199134   15   8
  155773   17  24
  143063   24  25
  160053   24   2
  187477   21  20
  194990    3   2
   39629   23   1
  203311   22  18
  203477    8  15
   35869   13   1
  195769   22   3
   75876    2   6
   42215    1   2
  200080   25   2
   34605   25  24
  150431    9  25
  209588    2   1
  163908   17  24
   39900   23   1
  144959    9  17
   76264    6  16
  197245    8  15
   39679   23   7
  193832    3   2
  155908   24  17
   75666   18   2
   23232    5  19
  173591   21  19
  145400    9  10
  204753   15   8
   25227   20  19
   37992   25   1
  212825   18  22
  206110   22   3
  197943   25  15
  156275   24   1
   19223   20  19
  147853   17  24
  210793    4   6
  196349   15   3
   35625    1   2
  210184   18  23
  141720    2  17
  204719   15   3
   47525   25   1
   36324    7  13
   35285   13   1
  172626   14  13
  203661   15   8
  213515   10   7
  211968    4   8
  210739   25   2
   20503   20  18
  171291    4  14
  178647   21  19
  203635   22   3
  151568   17  24
  193789   15   8
  156019    2  24
  165770   17  24
   38058    1   7
  204277   22   3
   75008    6  16
   34272    7  13
  200607   15  10
  212927   10  15
  211271    4   8
  178653   21  20
  154487   17  24
  198792   15  25
  199065    3   2
   39535   13   7
  203064    3   8
   22092    2  20
  210686   18   2
   29478   20  21
   22080   10  20
  195023    3  22
   61814   19  23
   57426   19  21
  193761   15   3
   37266   13   9
  150786   24  17
  206563    3   2
   36232   13   9
  211627    2   3
  206812   22   3
  222196   10   2
  212554    4   2
  141350   17  24
   24486    2  20
  210654   10   2
  150050   17  24
  150861   17  24
  201542   22   3
  201802    8  15
  167606   21  20
  140819   24  17
  146559   17  24
   40704    1  13
   77579    2  16
  195121   25   3
  196310    8   7
   44434   25   1
  152508   24  17
   35249   23   1
  222646    2  18
  210887   18   2
  183688   21  20
   38712    7  13
  210248    2  22
  147188   17  24
  153903    2   1
  213080   10  13
   38811   23   1
  187208   21  19
   37055   23   1
  158237   24  17
  160300   17  24
  160796   17  23
  161605    4  24
  178769   21  19
  166660   17  24
  211356   18   2
  200940   22   3
  222047   10   4
   28704   20  19
  203377   22   3
   53919   19  20
   38301   13   9
  210005   25   2
   40178    1   3
  210592    2  25
  198089   22   3
  200338    3   8
  195071   15  10
  177428   21  20
   43109   23  18
  176180   21  20
  166166   17  24
  222593    2  18
  143345   17  24
  222861   10   4
  149282    9  24
   21854    2  20
   74312    6   7
   36518   25   2
   75435    6  16
  160946    2  24
  150693   17  24
  180252   21  19
  210197    2   1
   39649    1   3
  211785   10  15
   25088    5  20
  160503    4   7
  202436   25   3
  187935   21  19
  142427   17  24
  192827   21  24
  151083   24  17
  223029   10  18
  211897   25   2
  156665   24  17
   34836    1  25
  212053    4  10
   42991   25  24
  205644    3  22
  222132   10   4
  146884    9  17
  209593   10  25
   45755   23   7
  194077   15   3
  170726   14   5
   34142    1  13
  154004   17  24
   53879   19  20
  207920   25  10
  200309   15   3
  140554   17  24
   82957   16   6
  104694    4  11
  168790   21  19
   27918    5  20
  154644   24  17
   52381   19   4
   26973    5   4
  144469   17  24
   37583   25   1
  209567   25  15
  206822   22   3
  196173   15   8
  221751   10   4
   43108    7  13
  210560   18   2
  197277    8   4
  199211    8  15
   31176   20  19
  213460   10   2
  155957   17  24
  164634   24  17
   37516   23   1
   44522   25   9
  164490   17  24
  197349   22   3
  203078   25   2
  150255   17  24
  161536    2  24
  212087    4   8
  156767   24  13
  158344   17  24
  141987    9   2
  202913   15   3
  197470   22   3
  152153   17  24
  172952   21  20
   41232   23   1
    1442    4  12
  213175    4  10
   38211    1  25
   24082   20   5
  142008   24  17
  159199   17  24
  198429   15   3
  152815   24  17
  190881   21  19
  165217    2  24
   23224   20  19
  194821   15   8
   53850   19  23
  211766   18  23
  222326    4  18
   36146   13   1
  211529    4   7
  212059   10  16
  212723    2   1
  203137   15   6
  184051   21  14
  175669   21  19
   29463   20  19
  174674   21  20
  145743   17  24
  212394   10  25
  204671    8   3
  207406   10   4
  162627   17  24
  198214   25   3
   20166    2  20
   76052   16   2
  212871   18  23
  140060    9  17
  147533    4  17
   60826   19  20
  166080   17  24
  211078   10  15
  157285   24  25
  199049    8  15
   42393    1  23
   37593    1  18
  210670    2  25
  209853   10  13
   24684    5  19
  155832   17  24
  209987   18   2
  210408    4   8
  168777   21  19
  209915    4   7
  201864   22   3
   24776   20  19
  156358   24  17
  210430   18   2
  203447   25   3
  203339   15   3
   36644   13   7
  160820   17  24
  212523    2   3
  159228    9  24
  168005   21  20
  210144    2   3
  205372   22  18
  199563   25   3
  167127   17  24
  171525   21  19
  194543   15   3
   42692   25  13
  153110    4   7
  171516   14  13
  199050   15   3
  210672   10  15
  140062    2  17
  194361   22   3
  171620   14   4
  197437   22  18
  142969   24  17
   84264   16   6
  147117   24  17
  200619   15  10
  196502   22  18
  222795    4  18
  180117    4  14
  221051    2  10
  198476   15   7
  199492    3  22
  146630   17  24
  222105   10   4
   79251    6  16
   43491    7  13
  153123   17  24
  164368    9  13
  162883   17  24
   78779   16   6
  165276    9  13
  212425   25   2
  208937    4   6
   54047   19  21
  198159   15   8
   83675   18   3
   33085    2  20
   37895   25   1
  211685    4   6
   35206    1   2
  146880   24   2
  222019   10   2
  198074   15   8
  176001   21  14
  209621   10  25
   75184    6  16
  209933    2   3
  148096   17  24
   44071    1  23
   36739    1  23
  192785   21  20
  221797    2   4
  197043    3   2
   81194    2  18
  222090   10   4
  196628   15   3
   44970    1   2
   74276   18   2
  195546   15   3
  149965   17  24
  141145   24   9
   54170   19  21
  162011   17  24
  154614   24  17
   55521    4   5
   77831    6  16
  149643   24  17
   26225   10  20
  150245   17  24
   24207   10  20
  211631   10  15
  161026    4   7
  210434   10  18
   44896    1   7
  158363    2   1
  164518    2  18
   39854   13   1
  221055    2  18
  184539   21  20
  210540   25  10
  167617   21  19
  148593   24  17
  198085    3  22
   39601   25   1
  186267    4   7
  210676   25  24
  206702   15  13
   41969    1  13
  106777    2  18
   35679    1  23
   46959    7  13
  210976    4   7
  209623   10  25
  159878   24  17
  155071    2  17
  221368   18  10
  204714   15   3
  209718    4   7
  151552   17  24
  197627   15   3
  222729   10   4
  222596    2   4
  145565   17  24
  180740   21  23
   37702    1   2
  221195   18   2
   75441   16  13
  221178    2  18
  183273   21  19
  197920   22   3
   36808    7  13
   19684   20  21
  158153   17  24
   24777   10  14
  193193   21  20
  221445   10   4
   55825    4  19
  222127    2  18
   34879   25  13
  222968   18  22
   20107    5   4
   34108    7  13
   46521    1  23
  221618   18   2
  198677   15   8
  146533   17  24
   22122   20  22
  147937    4   7
  177324   21  19
  157137   17  24
   24197   10   5
  212413    4   6
   42126   23   1
  210688    2   3
  142004   17  24
   35713   13   7
  204779   22   3
  211092    2   1
  210105    2  18
   39657   13   2
  199730   15  10
  212305   25   3
   28192   20  21
   40683   23   7
   34173   13   7
  141786   24   1
   45865   25   2
  204186    8   4
  211794    2  18
  147692   17  24
   74408   16   6
   44064   23   1
  210871    2   1
  203977   22   3
  163620   17  24
   38567   25   1
   38801   25  13
   38721    1  25
  211634   25   2
  161658   17  24
  154288   17  24
  222953   18  10
  209946    4   7
  211010   10  16
  212588    4   6
  150391   17  24
   40820    1  23
   46250   13   7
  206507    8  15
  160731   17  24
  148612   24  17
   82652   16   6
  157460   24   9
   58699   19  21
  204813    8  15
  196070   22   3
   83151   16   6
  194188    8   6
  148985   17  24
  197257   22   3
  171131   21  20
  205386   25   3
  141076   24  17
  167910   21  14
  145747    2  24
  211973    2   1
  141352   24  17
   38673    1  13
   74316   16   6
  206660   22   3
  143715    2  24
   34151   23   1
  205573   22   3
  202327    3   8
   33334    5   2
   35281   25  23
  181895    4   7
   77154    6   8
  142799   17  24
  212516   25   2
  194296   22   3
  156515   24   1
  203207   22   3
   76830   16   6
  172338   21  19
  220834   18   2
  207532   25  10
   38318    7  13
  189214   21  20
   64651   10  19
  158703    9  13
  157469    9  24
  200252   22   3
  159946   24  17
  210407   10  16
  222581    2   4
  173157   21  20
   38212    7  13
  177317   21  23
   37401    1   2
  160349    9  24
  168710   21  19
   34380    1   2
  166560   17  24
   34760    7   4
  154744   17  24
  140994   17  24
   75925   25  16
  172285   14  13
  212306    4   8
  147168    2   1
  206344   15   3
   80124    6  16
  195047    3  15
  209532   25  10
   66645   19  17
  176713   14  21
   22127   20  19
  212311    4  16
  104089   18  11
  186392   21  14
  150320    9  17
  162736   17  24
  209755   10   2
  166357   17  24
  196265    3  22
  212223   18  17
  204555   15  11
  177783   25   2
  174636   21  20
  149336   17  24
  149303   24  17
   34544   25  13
  165055   24   9
  145458    9  14
   44455    7  13
  211277    4   7
  141080   24  17
  145909   24  17
  141593   17  24
  167823   21  20
  149178   24  17
  212694   25   2
  206234    3   2
  189821   21  19
  213141    2   1
   20973   20  19
  151800   17  24
  202296    8  15
  160715   17  24
  159279   24  17
  211278   10   2
   56816   10  19
   80207   18   2
  213356   18   2
  212815    2   3
   79176    6  16
   43339   13  10
  210542    2  24
   20550   10  20
  221860   18   2
   74723    2  16
  212615    2  10
   74249    6  16
   35823    1   2
  182523   21  19
  212029    2   3
  140904   24  17
  144705   17  24
  211251   10  15
   47730   23  13
   74292    2  18
  198128   25   3
  185661   21  19
  194690    8   7
  140081   17  24
  161704   17  24
  210270    4   7
  210446   25   2
  213480    4  10
   62518   19  21
   30529    2  20
  149430   24  17
  221502   18   2
   19232   20  21
   42177   13  10
  210102   18  10
  146193   24  17
  222323   10   2
   77829    6   7
  193801   22   3
  149400   24   9
  211723   10   2
  141149   24  17
  211693    2   1
  196527    3  22
  209519    2  18
  105757   25   2
  220833   18   2
   64069   19  20
  194554    3  22
  155973   17  24
  154736   17   9
  166725   17  24
   38506    1   2
  211429    4   8
  212253   10   2
   77373   16  15
  168482   21  20
   83700   16  15
  176203   14  13
   59253   19  21
  204322    8  15
  173431   25  13
   22210   20   5
  199136   22   3
  175857   21  19
  162283   24   2
  199087   15   3
   81879    2  16
  140828   24  13
   35740    1   2
  159338   17  24
   45332    1  23
  193840   15   8
  200030   15   3
  160994   17  24
   80938    2  18
  161299   24  17
  150469   24  17
  202063    3  18
   34437    1  23
  164199    4   7
  213013    2   8
  181307   25  14
  209793   25   2
  143069   17  18
  148023   24  17
  182495   21  20
   23836    2   1
  180602   21  14
  211346   25  24
   51594   19  20
   39608   23   1
  146440    9  24
   21147   20  21
   75269    6  16
   81475   16   6
  175337   14   4
  157925    9  13
   21035   20  19
  213104    2  18
  222293    2  18
  151794   24  17
  156793   17  24
  183585   25  14
  196957   25  15
  211722   18   2
   38620   13   7
  162592   17  24
  195193   22   3
   20259    5   4
  158761   17  24
  168015   21  20
  222989   10   2
  212619   10  15
  156568   17  24
  213248   18   2
  202405   15  10
  211293   25   2
  199596   22   3
   57337    4  19
   47157    7  13
  140661    9  13
  198237   25  15
  194293   25  15
   83837    2   6
  148940    2  24
  210563   10  15
  202208    3  15
  155632   17  24
  178951   21  20
  154031   17  24
  191398    4   7
  222827    4  10
   77224   16   2
  202169   22  18
  144337    9  24
  154735   17  24
  155551   24  17
  150588   17  24
  163049   17  24
  147894   17  24
   37981    1  24
  184044   21  20
   39351   13  16
  154991   24  17
  209759   18  23
  151089   17  24
  144035    4   7
   41281   23   1
  204204   22   3
  210547   10  25
  203195   22   3
  210762   10   2
   76554   25  16
  152761   24  19
  210462    2  22
   34024   25   1
  155110   24   9
   64814   19  20
  167321   17  24
  209829    4   7
  201282   22   3
  211558   18   5
  149687   17  24
   52045   19  21
  201711   22   3
  209585   25   2
   60758    4   5
  211976   18   3
  221902   10   2
  213329    4   6
  221877   10   4
  174932   21  20
  210096   10  15
  146075    2  24
  168706   21  20
  211615   10  16
  200563    8   4
  140984   17  24
  195331   22   3
   78943    2  18
  220892   10   4
   57311   19  23
  163797   24  17
  158731    9  24
  211663   18  23
   83534   16   6
   53147   19  20
  149734    9  13
  210396    2   3
  145486   24  17
  222858    2  18
   31281   20  18
  147079   17  23
   80581    2  18
   47291    7  13
   43720   13   1
  222439    2  18
  175020   21  20
   78327   16  10
  211428   18   1
   36600   23  18
  195005    8   7
  221591    2   4
   24586    5  10
  209970    2  10
  211186    2  10
  212929    4   8
  166916   17  24
  201898   25   3
  177155    4  14
  178446   21  19
  161470   17  24
  145664    2  24
  155585    9  25
   84030   16   6
  211095   18   2
  198276   25  15
  154074   17  24
  201739   25   3
  143571   17  24
  157913   17  24
  203602    8  15
  212250   10   2
  157549    9  24
  177463   21  19
  148546   24  17
  210294   25   2
   36315   25  13
  163057    2  25
  163312   24  17
  222508    4  18
   62713    4  19
  157044   17  24
  202214   22   3
   33667   20  18
  165615   17  24
  144565   17  24
  221512   10   4
  212273    4   8
  193767   15   8
   47577    1  13
  199614   25   3
   32859   20  21
  211777   10   3
  165022   24  17
  221564    4   2
  202021   15   8
  212733    2  18
  157098    9  24
  105072   11  18
   45829    1  23
  194856   15   3
  210911   18   2
   38792   23   1
  165603   17  24
  210106   10  18
  213156    2   1
  191791   21  19
  220930   18   2
  156086   24  17
   76191    6  16
  211787    4  18
  159488   24  17
   44078   25   2
   46108   25   1
  210226    2  18
  143367   17  24
   35750    1  23
  151565   24  17
  211556   25   2
  145403    9  17
  221123    2  18
  149770   17  24
  141870   17  24
  209550    4   8
  146611   17  24
  190001   21  20
  211497    2   1
   20913   20   5
   76531    6  16
   20583   10  20
  142699   17  24
  211185   25  24
  202843   15  10
   21499    5  20
  168109   14   4
   35866    7  13
  104533    4  11
   34385    1  23
  194441    3   1
  143478    9  13
   39557   23   1
  157676   24  17
  165802    9  17
  210935   25  10
   27293   20  21
  198773    8   4
  210085   25  10
   79025    2   6
  211239    2   3
  159796   17  24
  210636    2  25
  143299   17  24
  202053    8   4
   46787   13   1
   20586   20  14
  211329    2  10
  221888   10   4
  155253   17  24
  162981   24  17
  209556    2   1
  157941   17  23
  210006    2   3
  221240   18   2
   81352   16   6
  170908   21  20
  147816   17  24
   47251   23   1
   45382    7   6
  169329   21  19
  198201   15   8
  203793   22   3
   34157   25   1
  150596   24  17
  203387    3  15
  180209   21  20
  197789    8   4
   76703   16   6
   40962    7   4
  160793   17  24
  165721   17  21
  158321    2  18
  147336   24  17
  171449   21  20
  211433    4   5
  202079   22   3
   34871    1  23
  210804   10  15
   78699   16   2
   32833   20  19
  211733    2  18
  142331   24   9
   23303    5  20
  159368   17  24
  201342   25   3
  212063    4  10
   22961   20  18
  210832    2  15
  147610   24  17
  156235   17  24
  220858   10   4
  142997    2  24
  209799    2   3
  209699   10   2
  210089   18   2
  141428   17  24
  210049   25   3
  210280   10  13
  221842   18   2
  161120   17  24
  197566    8   7
   34091   23  20
  205973   15   3
   41665   23   1
   77441   18  23
   42388   23  18
  196838    3  18
   23957    5  20
  196281   22   3
  210262   25   2
  209692   18   2
  162307    4   7
  196157    3  22
  204920   15   3
   77035    2   6
  165181    2   1
   84383    6  16
   74182    6  16
  154351   17  24
  144941   24  17
   52512   19  20
  145982    9  17
  146604   17  24
  211982    4   9
  142805    9  14
  158508   24  17
   36139    1  23
  209834    2  25
  154777   24   9
   35251   23  13
   35340    1   2
  164916   24  17
  210007    2  18
    1869   12  18
  180766   25  24
  161834   24  17
  212236   25   2
   44977   13  10
  211709   10  16
  141233   24  17
  147046    2   1
  171413   21  25
  202255   22   3
   54862   19  20
  197561   15  10
  213147   25   2
  198255   15   3
   22909   20   5
  210693    4  10
  206307    3  22
  193827    8   4
  195627   15  10
   28225   20  19
   32404   20  21
  197159   15   8
  212877    4   7
  202386   22   3
  142777   17  24
  202232   22   3
  147950   17  24
  188643    4   7
  173372   21  20
  146542   17  24
  206573   22   3
   22346   20  21
  211129    2   1
  209772    4   8
   41718    1   2
  211144   10  18
  159861   24  17
  169009   21  19
  165979   17  24
  198287   22   3
  159802    4   7
  201727   22   3
  146373   17   2
  161285   17  24
  165769    2   1
   74275    6   4
  188341   21  20
   48507    7   4
   47384    7  13
  195699   22   3
   77036    6  16
  211854   10   4
  197694    3  22
  223043    4  18
  146334   24  17
   38032    1  13
  211075    2   3
  182409    4  13
  211664    4   6
   34418    1  23
  148559    2  24
   37943   25   1
   38877   23  22
   40214   13   4
  213059   18  23
  151432   17  24
   45420    1  13
   42383   25   1
  183524   21  14
   34766   23   1
   22704    5  20
  221904    2  18
  166611   17  24
  140868   24   2
  212931   10  15
  154645    9   2
  143916   24  25
  183388   21  20
  166193    4   7
  161919    2   9
  210246   25   2
  159468   17  24
  209858   18   2
  105132    4  11
  193710   25  15
   47672   23   1
   22426   20   5
  143506   17  24
  198221   15  13
  157985    9  17
  175451   21  19
  210656    2   3
  209688   10   2
  164723   24   9
  203189    8  15
  172124   21  20
   35852   23   2
  209665    2   3
   78672   16   6
  210029   18   2
   37330    1  13
  221496    2   3
  209833    2   1
  211272   10  13
  193082   21  14
  212636    4   8
  212387    4   6
   80416    2  18
  140273   17  24
  197049   22   3
  145633   17  24
  212909    4   7
  166751   17  24
  165291   17  24
  192663   25   2
  222762    2  18
   44255   25   1
  172193   21  14
   75533   16   6
  194442   15   8
   20556    5  20
   30826   20  21
   38711   25   1
  211342    4   6
  164341   24  17
  155375   17  23
  148753   24  17
   35752   25   1
  158483    9  24
  160008   17  20
  182343   21  20
   22801   20  19
  141174   24   2
  153600   17  24
  199820    3  22
   61817   10  19
  199144    8   7
   40712    7  13
  147038   17  24
  193527   21  19
   34085    1  13
  150168    9  24
   74730    6  16
   34723    1   2
  212452   18  23
   25173    2  20
  196589    3  22
  196056   15   8
  206686   22   3
   20614    2  20
   81606   18   2
  189573   21  19
  197809    3  22
  221921    2  18
  199380   22   3
  150043   17  24
   76773    6  16
   22647   20  21
  201021   25   2
  145958    2   1
  205420   15   3
  142872   24   2
  198802   15   3
  201241   15   3
   22884   20  19
  159771   24  17
  199580   22   3
   53384   19  21
   41944   13   1
  195886   15   3
  178096   25  14
  151999   17  24
  162409   17  24
  199066   15   8
  210358   10  15
  153643    9  14
  142753   17  24
   78955    6  16
  209867   10  13
  148323    9  17
  209590    2   1
  205023    3   2
  144319    9  24
   81015    2  22
  210650   25   2
  211953    4  18
  210537    2  25
  200695    3  22
  140753   24  17
   21121   20  19
  149159   24  17
   20524   20  21
  161264   17  24
  211487   18   2
  206076   22   3
  174690    4   7
  199430   22   3
  220886    2  10
   78804    6  16
  156199    2   1
  211889   25   2
  141023   17  24
   38625    1   2
  164206   17  24
   38581    7   4
  157106    2  24
   44430   25  13
   39044    1  23
  164967   24  17
  210199    4   7
   54717    4  19
   19826   20  21
  153135   24   2
  166788   17  24
  160695   17  24
   20348   20   5
   52437   19  21
   38356   13   7
  140268   17  24
  153769   17  24
   43511   13   1
  155079   24  17
  196493   15   3
  156002   17  24
  147696   17  24
   25961   20   2
  194826   15  10
  212916    4   7
   42815   25  13
  140234    9  13
  168247   14  13
  210806    2   1
  166433    9  24
  220842   18   4
   36471    1   2
  176136   21  19
  196197   25   3
  212590    4   8
  156683   24  17
  212897   10   9
  211682    2   3
  146640   17  24
  165454   17  24
  205962   15  10
  211086   10  15
   47278   23   1
   36175    7  13
   34691   13   9
  209802    2   3
  211066   18   2
  143758   17  24
   36860    1  23
  222869    2  10
  166298    9  24
  152194   17  24
  161137   24  17
   32852   20  19
   47343    1  13
   19732   20  21
  209823   10  15
   36462    1  13
  148720    9  17
   22907    5  10
  212148   18   2
  171193   21   1
  204839    8  15
  206645   22   3
  213440   25   2
  158915   24  17
  194379    3  25
  210274   18   2
   44647   23   1
   82879    2  18
  173554   25  24
   42359    1  13
  174607   21  19
   35751    1   2
   58326   19  23
   26765   20  21
  144870   24  17
  157510    2  24
  167031   17  24
  146735    4  13
  142386   17  24
  152400   24  17
  171104   21  19
  222796   18  10
  193895   15   3
  159723   17  24
  141323   17  24
   37969    1  23
  212202   18   2
  154174   17  24
  221444    2  18
   34161   13   1
  210620   25   2
   36752   23   1
   19812   20  21
  200426   22   3
  151064   17  24
  205686    8   4
   35174   25   1
   38863   13   1
   39585   13   1
  151826   17  24
  173407   21  20
   47065   25   7
   46570   23   1
  196490   15  10
  161368   17  24
   28735   10   2
  142296   24  17
  165794   17  24
  206533   15  10
   34864    1   3
  194180    8   4
  197367   22   3
   77169    6  16
   79128   16   6
  210027    2  10
  209788   18  23
  198312    3   2
   75685   16   6
  202404    3  22
   46997   25   1
  211302    2   3
   82103   18   2
   52071   19  23
  145659   17  24
  154003   17  24
   75700    2   3
  221399   18   2
  182093   21  19
   74610   16   6
  144741   24  17
  210432   25   2
  171509    4   7
  222043   18   2
   23992   10  20
   42267   13   7
  211502    2  25
   75622   16  10
   34122   13   9
   41772   25   1
  213050    2   3
  209923   10  13
  146879   24   2
  177829   14  13
  196359   22   2
  211920   18   2
  194458    3  22
   43076   23   1
   44541   23   1
  166967   17  24
  147390   24  17
   34425    1  23
   45248   23   1
  209951    2  25
  211624   25  10
   55462   19  20
   35973   25   1
  195718    3   2
  212652    2  25
  161219   17  24
  220822   18   2
   53663   19  20
  155924   24  17
  152437   17  24
  154967   17  24
  212336   10  13
  105034   11   4
   37149   13   9
   35968   13   7
  140300    2  24
  141708   17  24
   45356   25  13
  199051   25   3
  208174    4   6
  210084    4   8
  156501    4   7
  149499   17  24
  202326   22  18
  198992    3   2
  163981   24  17
  140183   17  24
  148745   17  24
  163331   24  17
  170874   21  19
   81693    6   4
  193770    8   6
  145438   17  24
  195006   15   3
   62809   19  21
  153761   17  24
   23803   20  19
   75521   18   6
  144270   17  24
   22653   10   5
  183421   21  20
   74612   16   6
  152354   24  17
  211493    4   8
  181274   21  14
  150291   17  24
  194416   25   2
  160338   17  24
  197325   15   8
  143886   24  17
  210986    2  18
  156488   17  24
  197984    8  15
  158547   17  24
  222433    2  18
   74226    6  16
  199770    8   7
  177467   21  19
  204943   22   3
  203926    8   4
  140857    2   1
  211936   18  23
  141534   17  24
  210341    2   3
   74355    6  16
  200926   15   8
   33930    1  23
  194176   15   8
  198343    3  10
  222915    2  18
     931   12  18
   78741   16   2
  143777   17  24
  183064   25   9
  150850   17  24
  156848   17  24
   19610   20  23
  185105   21  23
  210100    2   3
   32512   20  19
  141762   24  17
  176668   21  19
   34338   25   2
  149854   24  17
  199510    8   3
     334   18  22
  180839   21  20
   43059   13   1
   20975    5  20
  212728   10  15
   82990    6  16
  142853   17   9
   33819   20   2
  220867   18   2
  141920   24  17
  209874   10  15
  201026   22   3
  148716   17  24
  145454   24  17
    2564   12  11
  153723    2  24
   37546   25   2
  148768   17  24
  142983   24   9
  221689   10   2
  179759    4   7
  153802   24  17
  221641    2   4
  162197    9  17
  149248    9  24
  213399   25   2
  202937   25   3
  198973   15   8
  213306    2   3
  164010   17  24
  210677   25   2
  160361   17  24
  209800   25   2
   25357   20  19
  156854   17  24
  179830   21  20
  212243   10  13
   21664    5  20
  193905   25   3
   58767   19  23
   76223    6  16
  152197   24  20
   81771    6  16
   38958    1  23
  198971   15   8
   35133   25   1
  211578   18   2
  211217    2  10
  212475    4   6
  212176    4   8
  140996   17  23
  195380   22   3
  141144   24  17
  211992    2   3
   81279    6  16
  213214   18   2
   34870   25   1
  205334   22   3
  150284    2   3
  209912    4   8
   76339    6  16
  145735   17  24
   74334    2  18
  213079   10   4
    3521   12   4
   40785    1   2
  161684   24  17
   75901   16   6
   30118   10  14
  154091   17  24
  190711   21  20
  150485   17  24
  152023    2   1
  196832   22   3
  150127    4   9
  209742   10  13
   21889   20  23
  222427    4   2
   39344    1   2
  162928   24   2
  200726   22   3
  189163   21  19
  146398   24  25
   43914    7  13
  202605   15   8
   26150   10  20
  210694    2   3
  189712   14   4
  212567    2  18
  166165   17  24
   59579   19  21
  210671    4   7
  105642   11  12
  173471   14  13
  158190   24  17
  177286    4   8
  209544   25   2
  145118    2  24
  148568    9  24
  144318   24  17
  211532   18  21
  153635   24   2
  212738   18   2
  152186   24   2
  221391   10   4
   39699   13   7
    2379    2  18
  202797   22  18
  211806   25   3
  151482   24  17
  178248   21  19
   43179   13  15
    3671    4  19
  163362   17  24
  144927   24   2
  156458   17  24
  193739   15   8
  169278   25  21
  156470   17  24
  153357   17  24
  140789   17  24
  210759   10   4
  144381   24  17
  146983   17  24
   80636   16   6
  213361    4   8
  210839    2   3
   79549    6  16
   34300   25  13
  142354   24  17
  210978   18   2
  211153   10   4
   83348   16   6
  202759   22   8
  194474   15   3
   44512   25   1
   34530   23  13
  195628   15   3
   41560   25   1
  171724   21  14
   35561   13   1
  195384   22  18
   44639   23   7
  163539    4   7
  197295    8   7
  211175    4   8
  199355    3  22
  199316    3  22
  162160   17  24
  157323   17  24
   26632   20  23
  151653    2  24
  222254   18   2
  222505    2  18
   24806    2  20
  146069   17  24
  166606   24   2
   51689    4  19
  211472   10  15
   60858   19  21
  167307   17  24
  203507    3  22
  164957   17  24
  171336   21  19
  206893   18   2
  152278    4   7
  168893   21  20
  179933    4   7
  209592    4   6
  197479    8   6
  198542    8   4
  210775    4  10
  142536   17  24
   19239   10  20
  206350   15  25
  221235   10   2
    7297    4  12
   48093   25   1
  209855    2   1
  209840    4   8
  163537   17  24
  144665   24  17
  210324   18   2
  212337   10  15
   55064   19  20
  184158   21  20
   23751   20  19
  209779    2  18
   35509   23   1
   75888    6  16
  176960   21  19
   34810   13   1
  186008   21  14
  212625   10  15
   35993   23   7
   41462   25   1
  203809   15   4
   43976   13   4
   39495    1  13
  203092   15   8
   40431   13   7
  154948    9  13
   66333   19  20
  151866   17  24
   76890   16   2
  195126   22   3
  143017    2   1
   37245   23   1
  211096    2   3
   75739    2   3
  212040   25   2
    1956    2   4
   39360   13   1
  159554    4   7
  211326   25   2
  210477    4  10
   41199   13   4
  204704   22   3
   41697   23   1
  220994   10   4
  198729    3  22
  146471   17  24
  141039    2  24
  210878   18  23
   76583    6   8
  167032   24  17
  212310    4   7
  142223   17  24
  212796    2   3
   30474   20  21
  153665   24  17
   51534   19   4
  196958    8   4
  209698   10  15
  195014   22   3
   43183   25   1
  202675    3   2
  150216   17  24
   77106   18   2
   55332    4  19
  213322    2   4
  212296    4   7
  221730    4  10
  211732   10   4
  154548   17  24
   37259    1  23
  221479    4  18
  207253   25  10
  194854    8   3
  158644   17  24
  154917   24   9
  169281   21  20
   78496    6  16
  189838   21  19
  211218   18  22
   38714   13  23
  145593   24  17
  161920   17  24
  204305   15   3
   37084   13   1
  212756   18   2
  199360   15   3
   76175   25  16
  203974   22  18
  209955   25   2
   36983    1  23
  195575   25   2
  212987   25   9
  105004   18  11
  197402    8  15
  199996    3   1
  222059   18   2
  156328   17  24
   78284    6  16
  209929   10  15
   23929   20  21
  178315    4   7
  210790   10  15
  149188   24   2
  162862    2  24
  210263   10  13
  143866   24  17
   35812   23  19
   39197    1  23
   34490   13   1
  142038    9  10
  201212   22   3
   41788   25   1
   63690   19  21
  160458   17  24
   25942    2   1
  211436   25   2
   54907   19  20
  222325   18   2
  152250   24   9
  141931    9  17
   74492   16   6
  196382   15  10
   43027    1  13
  165670    9  13
  162490   17  24
  144628   24  25
  159935   24  17
   36500   25   1
  194488   22   3
  203966   22   3
  221636   10   2
  200640   15  10
  167948   21  19
  212164   25   2
   63988   10   4
  197487   22   3
  171118   21  20
  144937   17  24
  196341   25   3
  199021   22  18
   77042   18  22
  201152    3  22
  211330   25  18
  197191   25  15
   20123   20   5
   39735   13   9
  142582   17  24
   36254    1  18
  170090   25  21
  150310    2  23
    1797   18  12
  202313   15   3
  191591   14  10
  206152   15  10
  145402   24   9
  147564   24  17
  142193   17  24
  209599   18   2
  200884    3   8
  157847   17  24
  199502   22   3
  212150   18   2
  209797   10  13
  205148    3  22
   35449   13   1
  211949   10  15
  141064   24  17
  146245    2   9
  172296   21  19
   31675    5  10
   38147    7  13
  204328    3  22
  175076   21  19
   38402    1  23
  160321   24   1
  202724   25   3
  148067   24  17
    7071   10  12
  211935    2  18
  211432    2  24
     651    2  18
  197399   25   3
   76681    2  18
  164615   17   9
  174744   21  19
  222263   10   4
  212240   10  15
  198751   22   3
  141938   24  17
  159141    9  10
  140858   17  24
   74971   16   6
  148109   17  24
  106740   18  11
  149850   17  24
  147460   17  24
  157930    9  24
   38102    7  13
  158484   17  24
   34029   23  18
  197376   22   2
  107668   11  18
  212628    4   6
   28232    5  11
  200796    3   2
   60346    4  19
  194985   22   3
  166823   17  24
  209903   10  16
   19590   20  22
  162509   17  24
  209596    2   3
  166608    9  24
  204150   15   8
  162646    4   7
  157316   17  24
  210627   10  15
  209789    2   3
   39271    1   2
   51681   19  20
  181718    4   7
  199934   15   8
  212495   10  15
  150687   24  17
   61554   19  20
  210311   18   2
  206052   22   3
  200551    8   4
  142586   17  24
  200614   25   3
  149216   24  17
  221983    2  18
  140437   17  24
  152383    9  24
  164796   24  17
  205193    3  22
  210618   10   2
   64021   19  20
  204706    8   7
  185665   21  19
  142264   24  17
  222036   18   2
  212196   18   2
  145676   24  17
  144567   17  24
  210711    2  18
  222980    2  18
  211638   18   2
  213160   10   2
  211459   18  23
   26379    2  23
  155111   17  24
   22272   20  19
  194034    3   2
   36621    1  23
  223055   10   4
  151286   24   9
  166818   24  17
  153285   17  24
  209922    2   3
   35079   13   9
  179270   21  20
  145578   17  24
  223028    4  10
   81495   25  16
   40930    7   4
  155185   17  24
  151572    9  24
   34840    7  13
  152483   24  17
   36898   13   2
  211511    2  10
  198847    8   4
  213118   10  15
   45301   13   7
   35512   25  23
  146486    9  13
   27558    2  20
   19466   20  19
   36881    1   7
  162419    9  13
  222324   10   4
  146726   17  24
   80518    6  16
  193859   15   3
  154587   17  24
  211191   25   1
  212119    2  18
  169850   21  20
  141401   24  17
   35101   13   7
  141854   24  17
  145936   17  24
  212943   10   4
   77925    6   4
  210830    4   8
  210866   10  25
  187762    4  14
  202667   22   3
  146218   17  24
  150556    2  24
  198656    3   2
  163493   17  24
  150558   17  24
  151253   17  24
  183350   14  13
  222118    4  10
   74763   16   6
  222302   18   2
  221366   18   2
  221029    2   4
  213131   10   4
  210567    2  18
  202823    3  25
  203903   15  10
   84640   16   6
  206678   22   3
  156060    4   7
  146687   17  24
  141009    4   9
  210256    4   7
  199974    8   4
   36834    1  13
  202636   25  15
  210928   18  23
  205615   22   3
  190176    4  10
  222050   10   4
  182733   21  19
  156698    2  17
   43199   13  23
  200878   15   3
  152963   17   9
  193826   15   8
  176808   21  20
  213170   10  14
  141757    2   1
   75377   16   6
   24091   20  19
   81056   16   6
  197493   25   3
  212353   10  15
  220990    2  18
   38390   23   2
  202319   22   3
  159718   17  24
  203037   15  25
  143694   24  17
  155387   24  17
   39101   23   1
   20910    2  20
  212584    4   8
  108414    4   6
  210526   10  13
  150645   17  24
  210153    2  25
  190137    4   7
   74359    6  16
  210991    2   4
  213049   18   3
   42190   13   7
  160094   17  24
  156895   24  17
  212165   10   4
  209949    2   3
  145655   24  17
   84634   16   6
  161367    9  14
   77614    2  18
  209721    4   7
   59538    4  14
   41562    7  10
  160227   17  24
   24244    2  23
  204847    3  22
  210880    4   8
  141045   17  24
  209541   18   1
   48083   13   1
  222149   10   4
  148447   17  24
  165195   17  24
  148786   17  24
  221681   10   4
  194150    8  15
   75427   16   6
   34696   13   7
   74776   16   6
  210557    4  10
  193078   21  20
  213232   18  22
  212534   10   7
  163103   24   2
  151534   17  24
  198113    3   1
   40960    7  13
  210975   10  11
  144353   24  17
  184631   21  19
   21502   20  19
  150454   24  19
  220866   18   2
  210927   18   2
  210326   10  15
  211172    4   8
  168495   21  19
  203063   22  15
  220871    2  18
  222006   18   2
   48501    1  23
  202755   22   3
   23139   20  21
  148738   17  24
  213020    2  25
  209713   18   2
  181380   21  14
  195891    8   4
   36044    1   2
  212528   18   2
   75208   16   6
   74326    6  16
  199392   22   3
  209986    2   1
   27260    5   4
   24698    5  10
  194038   15   8
  182755    4  14
   81389   16   6
   48175   13   7
  222884   10   4
  210809    4   8
   45499   23   1
  213069    2  15
  167216    9  24
   35328   25   1
   80651   25   2
  211925   10  13
  213383    2   3
  212453    4   6
   39760    1   3
   38510   25  23
  199754    8   6
  161992    9  13
  159133   24  17
  108614   11  12
  222430   18   2
  192009   21  20
   82083    2   3
   74428   16   2
  177221   21  19
  221263   10  18
  156408   24  17
   55546   19  23
  158967   24  17
  213107   10   9
   65971    4  19
   38495    7  13
   74453   18   2
  202731   22   3
  221959   18   4
   24245    5  19
  203732   15   3
  163965   17  24
  212745    4   6
  193688   22  18
  223050   18   2
   34551    7  23
  153639   24  17
  144923    9  17
  166341    9  13
  222096    2  18
  146660   17  24
   21094   10   5
  177114   21  19
  178816   21  20
  165992   17  24
  210236   10  15
   69600   19  20
  222387   18   2
  194648   15  10
  153748   17  24
   46317   23   1
  221373   10  18
  193814   15  10
  222842    2  18
  147358   24  17
  197288    3  24
   74956    2  18
   44653    1   2
  156654   17  24
  210421    2   3
  222028   10   4
  146416   24  17
  167997   14  21
  165577   17  24
  155215   24  17
   41779   23   1
  199499    3  18
  168860   21  19
  163334   24  17
   42332   13  10
  152166   24   9
   44519   23   1
  212971   10   4
   80973    6  16
  146803   17  24
  161004   17  24
   44828    7  13
  194532    3   2
   20866   20  21
  210281    2   3
  198064   22   3
  221603   10   4
   35468   25  24
   29080    2  21
  157627   17  24
  169646   21  20
  176432    4   5
   38289   25   1
  145731   17  24
  212579    2  25
  180926   21  19
  202409   15   3
   63426   19  20
  209529    2  24
  149291   17  24
   35877   13   9
  154320   17  24
  221346   18   3
   25504   20  19
  165928   24  17
  221703    2  18
  199576   15  25
  203723    8  15
  163279   17  24
  179717   21  20
  201942   15   3
   48096   23   1
  210786   18   2
  193698   25   2
   34680    1  23
  195267   15  10
  213262   18   2
  195307   25   3
  200573    3   2
  210505   25   2
  203514   15  13
   33665   10  14
  166867   17  24
   76173    2  18
  204325    3   2
  221848   18   2
  142634   24  17
  142729   17  24
  204338   25   2
  212708    4   7
  209859    4   8
  195381    3  22
  221505    4  18
  144090   17  24
  202287   22   3
  150178   24   2
  202229   25   3
  167739   21  19
   37727    1  23
  189102   21  14
  162037   17  24
  194073   22   3
  179394   14  13
   37828    7   6
   68419   19  21
  145036   24  17
  207208   10  11
  199936    8   4
   34553    1   2
  210943   18  23
  142028   24  17
   55463   19  21
   35662   13   9
  212866    2   3
  146509   24   9
   40160   13   4
   58394    4   7
   52284   19  20
  209681   10   2
    4001   18  20
  212539   18  22
  209608    2  25
  162432   17  24
   24973    5  20
  162603   24  17
  203033   22  18
  199811   22   3
  166486   17  24
  220863   18  22
  172347   21  19
  147928    9  24
  220942   10  15
  210034    4   6
  169252   21  23
  165542   17  24
  162183   24  17
   57245   19  21
   36572    7  13
  211970    2   3
  192728   21  20
   77415   16   6
  175728    4  14
   19392   20  19
  221375    4  10
  221341   18   2
  143910   24  17
   44088    1  23
   53314   19  21
   74415   18   6
  211118   18  20
  151008   17  24
  166963   24   2
  221068   10  18
   77202    6  16
  157121   17  24
   74963   16   6
  156283   17  24
   37243    1   2
   43781    1  23
  151775    9   2
  172742   21  20
  221334   18   2
  210995    2   3
   74367   16   2
  212003   25   1
  194979   22   3
  200712    3  22
  221597    4  18
  223053   18   4
  213496    2  25
  151632   24  17
  162103   24  17
  158102   17   9
  150965   24  17
  158469   24  17
  221073   10   4
  160983    4   7
  199969    3   2
  196906    8   4
   75830   16   6
  152511   17  24
  158965    9  14
   52054    4  19
   23394    5  20
  141211   17  24
  180131   14   9
   39686   23   1
  169834    4   7
  153869   24  17
  176631   21  20
   35542    1  23
  195874   22   3
   45155   25   1
  161369   17  24
   28013   10  14
   45611    7   1
   80755    6   8
  196144    3  22
  154440    2   1
  212214    4   8
  166800   17  24
  167269   24  17
  186172   21  20
  175275   21  20
   40984    1  18
  170460   21  20
  151335    2  18
  211546    4   7
  170311    4  21
  211534   10  13
  154232   24   9
  213252    4   6
  206233    3  22
  205109   15  10
  212896   18   2
  194559   22  18
   38917   13   1
  212320    2  10
  148449    4   7
   19612    5  20
  145285    2  25
  206656    8   3
  220982    4  18
  201537   22   3
  172704   21  19
  180327   21  20
  161518   17  18
  142745   17  24
  212856   25   2
  173611   21  20
  151118   24  17
  202466   22   3
  209857   18   1
  196633   22   3
  157911   17  24
  162485   24  17
  155777   24  17
  161530   17  24
  203797   22   3
  152931    9  24
  167054    4   7
  212984    4   2
  179453   14  13
  212712   10   4
  160970   17  24
  210729   18   2
  167275    4   7
   57711   19  21
   21058   10   5
   81564   18   2
   23024   20  21
  149052   17  24
  158572   17  24
  165508   17  24
   36379    7  13
  203291   22   3
  153936   17  24
  166781   24  17
  204227    3  22
  146214   24  17
  211437   10  15
  221903   18   4
  147104   24   2
   77411    6  18
  212724    4  10
   61746   19  20
  196455   22   3
   79719    2  16
  195926    3  22
   30509    5  20
  196316   22   3
  152997   24  17
  148301    2  24
  197823    3  22
   77608   18   2
  156302   24   2
   36337    1  23
  210652   10  13
  198901    3  22
  212370   18  10
  211018    4   7
  141457   17  24
  210564    2  23
  220855    4  10
  213497   25   2
   79637    6  16
  155349    9  24
   19772    2   1
  211867    4   7
   57475    4  14
   36134    1  10
   80571   16   2
   40283   23   1
   29790    5  20
  193716   22   3
  181634   14  13
  144173   17  24
  211563   18   2
  144811    2  24
   45766   25   1
   22998   20  19
   39046    1  23
  213452   25   2
   35987    1   2
  161844   24  25
  199164   25   3
  157017   17  24
   32632    2  20
  199210   25   3
   20482   10   5
  210455    4  10
   25851   10   2
   28678   10   5
  159327   17  24
   41341    1  23
   75536    6   2
  199384    8   4
  140694    2  24
  183947   21  19
  210058   10  15
   42861    1  18
  164893   24   9
  164557    4   7
  210791   25   2
  195728    8  15
  193862    8   6
   37322   23  25
  143002   17  24
  212686    2   1
  210417    2   3
  182255   21  20
  155750    9  24
  211113   18   2
  173238    4   7
   34360    1  23
  202704    8   4
  198501    8   4
  171222   21   1
  192130   21  19
  157907   24  17
  209907   25  10
   36673    1   7
  211378   25   2
  222136    2  10
  211819   10  15
   60896   19  20
  212578    2  18
  140814    9  13
  148823   24  17
  199002    8   4
  210970   25   2
  209735    2   1
   41572   13  25
  194075   25   3
  144098   24  17
  167209   17  24
  186050    4   7
  145614    9  24
  209763    2  25
   76101   16   6
  221536    2  18
  141225   24  17
   39024    1   2
  141498    9  13
  149150   17  24
  144975    4   7
  140919   17  24
  197831   15   3
  221876    2  18
   35479    1  13
  183028   21  14
   83918    6  16
   27861    5   4
   74505   16  15
  210613    2  25
  212535   10   9
  157304   24  17
  149914   17  24
  143254   17  24
  203172    8  15
  151716    9  17
  161272   24  17
  196416   15   3
  179323   21  14
  213315    2  18
   37015    1  23
  213037   25   2
   81691    6  16
   78630   16   6
  199422   15   8
   36015   25  13
  176523   21  20
  147819    9   5
  161778   24  17
  195850   22   3
  209644   18  20
  195065    3  15
  105581    2  18
   44404    1  13
  145058   24  17
  145125   17  24
  202643   22   3
   34143    1   2
   80866   25   6
  165596   17  24
  163221   17  24
   53751   19  20
  181006   21  19
   40192   23   1
  221013   18  10
  210346    2  18
  211820   18   2
  156098   17  23
   57641   19  20
  107161    2  11
  211786   10  15
  157361   24   2
  198662   15   3
   35547    1   2
   21289   20  21
  158419   17   2
  203427   22   3
  180019    4  14
  195614    8  15
  158712   17  24
  211490   18  23
  201128   15   8
  159613   17  24
   24172    5  20
  203794   22   3
  188866    4  14
   75395   16   2
   22081   10   5
  187133   21  20
   36237   23   1
  154791    2  24
  221277   10   4
  211264    2   1
  200772   15   8
   34984   25  13
  151922   17  24
  198702   15  16
  140281   24  17
  186910   21  20
  222723    2   4
  190995   25   2
  197446   25  22
   48198   23   1
   76419    2  18
  222990    2   4
   26674    2   5
  144531   17  24
  210362    2   3
  197641    8   4
  200846    8  15
  142502   24  17
   52614   19  21
   23975   20  21
   43056    7   4
  200352    3  22
   43856   13   1
  222383    2  18
  212017    2  18
  221045    4   2
  143346   17  24
   74205   16   6
  152209    9  17
   74651    6  18
  190547   14  21
  199133   15   3
  189985   21  19
  211537   10   4
   32635   20  19
  162850   17  24
  160675   17  24
  154168   17  24
  156823   24  18
  212936   10  15
  145617   24  23
  146010   17  24
  140219    4   9
  142861   24  17
   19602   10  14
  141795   24  17
  221574    2  18
   61657   19  21
  210545   18   2
   37378    1   2
  211675   10  15
   37781    1  13
   59142   19  23
   57676   19  21
  166219    2   1
  164477   24   2
  221922   18   2
   65502   19  20
  193696   22  18
   44173    7   4
  201794   15   3
  204934   15   4
   43454    1  13
  164738   24  25
   28535   10  20
   51656    4  19
  148928   17  24
  221202   10   4
   42397   13  16
  220900   18   2
  163133    2   1
  149724   17  24
  221053   18   2
  182891   21  20
  222536    2  18
  212552   18   2
  206082    8   7
  143009    9  17
  220856    2  18
  156701   24   2
  206071    3  22
  166841   24  17
   75172    2  18
  212752    2  18
   43426   23   1
  140293   24   2
  172652   21   4
   21694   20   5
  147096   17  24
  163905   17  24
  202660   15   8
   27580   20  19
  147320   24  19
  176630   21  20
  222492   10  18
   59291    4  19
  160303   17  24
  198979   15   3
  202707   22   3
   25570    2  20
   22549    5  10
  150733   24  17
   45280   13   7
  142617    2   1
  144380   17   9
   82607    6  16
  187057   14  21
  184088   21  20
  149294   17  24
   21536   20   4
  206462   22   3
  165674   24  17
  194954    3   2
   51572   19  21
  220956    2  18
  194021   25  15
  221194   18   2
  221973   18   4
  188583    4   7
  168852   21  14
  156139   24   2
   44339   25   1
  221934   10  18
   43348   23   1
  211667   10  15
  221791    2  18
  213505    4   6
  209658   25   3
  221827   18  10
  163189   17  24
   58464   19   4
  194351    8   6
  210382   18   1
  206017   22   3
  212720   18   2
  185318   21  20
  213325    4   7
  199593   15  10
  210338    4  10
  210203   18   2
  158898   17  24
   41310    7  13
   75285   16  15
  149786    9  13
   78338    2   3
  165223   17  24
  221224   10   4
  158222    2  24
   38925   23   1
   46154    7  13
  188236    4  14
  222547   18   4
  154193    9  24
  147705   17  24
  154301    4   7
  221928    4  18
  161446   17  24
  200033    8   2
  203827   15   3
  184202   21  20
   77482    6   8
  196211   15  10
  146596   17  24
  212479    2  18
   36649    7  13
   37531    1  25
   82551    2  18
  193588   21  19
  179499    4   7
   83784    6  16
  158456   17  24
  203086   25   2
  155958    2  25
  222736    2  18
   25820    2  20
   46868   13  25
  143797   24   2
  222312    2   4
   29526    2  20
   80534   16   6
   74622   18   2
    1496   12  18
  153688   17  23
  196773   25   3
  158968   17  24
  209664   18  23
  204698    3   8
  221857   18   2
  203333   25  15
  202064   22   3
  209842   10  13
  175088   21  19
   80205    6   8
  221491   10   2
   36172   25   1
   41970   23  18
  166350   17  24
  195655   22   1
   77268    6   8
  151586    4   7
  203665   15   3
  155113    2  17
  142141    9  13
  158540   17  24
  164799   24  17
  177316   21  20
  163113   17  24
  150929   17  24
  141530   24  25
  210165    2  25
  209911    4   8
   40129    1  23
   36367    7  13
  183405    4   7
   27391   20  21
  194449    8  15
  165366   17  24
   55151   19  23
  149662   17  24
  150647   17  24
  201638   22   3
   44341   23  18
  148962   17  24
  188597   21  19
   27550    2  20
   48048    1  13
  209969   25   3
   34312    7  13
   20455   20  19
  140247   17  18
  203518   15   8
   37794   25   1
  151091   17  24
   42184   25  10
  210524    2   3
  147580    2   1
  141836   24  17
   43748   13   7
  212919    4   8
  163191   17  24
  211114   18  22
   37892   23   1
  210593   10   2
  155165    9  24
  210597   10  13
  197940    8   6
  199894   22   2
  197902    3   2
  211248   18   2
  212847    4   7
  159681   24  17
  154473   24  17
  223041    2  18
  151672   24   9
  154154   17  24
  201528    8   7
  193693   25   3
  152414   24  17
  173244   21  14
  198034    3  22
   37049   23  20
   57809   19  21
  143854   17  24
  173442   21  19
  153245   24  17
  151227   17  24
  212033   10   8
  179430   25   2
   77385   16   6
  165753   17  24
  211522    2   1
  210189   25  10
  145493   17  24
  195493   22   3
   52642   19  21
  141430   17  24
  161190   24  17
  171244   21  20
  146143   17  24
   38582   23  18
  153710   24  17
  159745    2   1
  209530   25  24
   19274   20  19
  200684   15  22
  221272    2  18
  195910   15  16
  201872   15   3
  141105   17  24
   75601   16   6
   43398   23   2
  148465    2  24
  198024    3  22
   40803   23  13
  156723    4  10
  144979   17  24
   23914    2  20
   54452   19  23
  212986    2  18
   30927   20  19
  201925   25  15
  161639   24   9
  191258   21  19
  176832   21  20
   54321   19  21
  141186   17  24
  209732    4   8
  211054    4   6
  150855   24  17
  177042    4  14
   21005   20  19
   21850    2  20
  156728   24   2
   41015   23   2
   28325   20  21
  202819   15   3
  144985   17  24
  210459    2   3
  211852    4   6
   45446    1   2
  201060   22   3
  184118    4  14
  166817    2  24
   33591   20  21
  195831   22   3
  176449   21  20
  194246   22   3
   40300    7  13
  209821   10  18
  210845    2   3
  210146    2   3
  201798   15   3
  105758    4  11
  153115   24   9
   47908    1  13
   20257   10  20
  211890   10  16
  209689   10  13
  211314   10   2
   59572   19  21
  196597   22   3
  165203   17  24
  167530   21  20
   37563   23   1
  209748    4   7
   35585   23   1
  194253    3  22
  211597    2   3
  210182    2  25
   42282    1   7
   36622   25   1
  150847   17  24
  201921   22   3
  212075    2   3
  212758    2   3
  166310   17  24
   42633   25   2
  210710    2  25
  153405   17  24
  197534   22   3
   36267   13   7
  196714    8   3
  187547   25  21
   41238   23   1
  145032   24  17
  164009   24  17
  222810    4   2
  154346   17  24
   56213   19  21
  204657   15   3
   77977    6  16
  212526    4   8
  186757   21  19
  150117   17   9
  197496    3  22
  159493   17  24
  167886   21  20
   21004   20   1
   35760   13   7
  149375   24  17
  202181   22   3
  163027   24  17
  195232    3  22
  181183   25  23
  213230    2   1
   30245   20  18
  210128    4   6
   38358   13   1
   57185   19  20
  152807   17  24
  168729   21  23
  212808    2  18
  190979   21  19
   46837   13  10
  165606    9  13
  201933    8   6
  202254    3  22
  162181   17  24
  173008   21  20
  156663    4   7
  170183   21  19
  212130   18  23
  196083    8   3
  194631    8   4
  211119    2   3
  151634    2   1
  203767    8   6
  194567   25   3
  212976   10  25
  174416   21  19
  159193    9  24
  221940    4   8
  211767    4  10
   78869    6  16
  203536    8   4
   43985    7  13
  209898   25   3
  156990   17  24
  148939   17   9
  194906   15  10
  222367   10   4
  223080   18   4
  211941    4   8
  210068   18   2
  157193   17  24
  149093   24  17
  202742    8  15
  200379    3  22
  195756    8  15
   21471   10   5
  147888   17  24
  222108    2   4
   40228   25  24
  220821    2  18
  146955   17  24
   80749    6  16
  206217    3  15
  173060   21  19
  167972    4   7
  141308   17  24
  211474    2   3
  151304   17  24
  212951    2  25
  148644    2  24
  191385   14  21
  169472   21  20
  211071   18   2
   83825   16   6
  170073   21  20
    4064    4  18
  204110   15   3
  203692    3  22
   45932   13  15
  213031    4   8
  198886   22   3
  146251    9  24
  197568   22  18
  196008    3   1
  221883   18   2
  170060   21  20
   24895    5  20
  158081   17  24
   21528   20   5
  221246   18   2
  143740   17  24
  153030    2  24
   34747    1  13
  199184    3  22
  165414   17  24
  196504   25   3
   33897   25   1
  210134    4   6
  155547   24   2
   19925    5   4
  222255    2  18
  143310   17  24
  152364   24  17
   75245    6  16
  202588   22   3
  189261   21  19
   51559   19  18
   19860   20  21
   35811    7   1
  171989    4  13
  177133   21  19
  210352   18  23
  152958   17  24
   54588   19  20
  171404   14   4
  151835    9  14
   35850    1  23
  212501   10  15
   55076   19  21
  196021   22   3
   43157   23   1
  222502   18   2
  200704   22   3
  200106   22   3
  211805   25   2
  147769   24  17
  144618   17  18
  197863    8  22
  210499   25   2
  193776   15   3
  195501    3  22
   54881   19  20
   75940    2  18
  195416   22   3
  222727   10   4
   74519   25   2
   34460   13   2
  190791   25   2
  200158    8   4
  202497   15   3
   35234   23  18
  202619   22   3
  204936   15   3
   78781    6  16
   34299    7  13
  221654   10   2
  173956   21  19
   35031   13  25
   65583   19  21
  211039   10  16
  104658    2  18
  185818   21  23
  150096   17  24
   24237   20  21
   34466    1  23
  201098   15   3
  211839    4   8
  144287   24  25
   47080    1  13
  163212   17  24
  204648    8   6
  203068   22   1
  151212   24  17
  166834    2  17
  197574   15   3
   42350   23  18
   45665    1  23
   77341    6  16
  204874   22   3
  161712    4   7
  212427    2  18
  211072    2   1
  147776   24  17
   23140   20   1
  185729   25  24
   78746    6  16
   36584    7  13
  200709    3  22
  154664   24  17
  149686   17  24
  193180    4   5
  153527   24  17
  153587    4   7
   22052   20  21
   54108   19  20
  143999   17  24
   28626   10  14
  210977   18  23
   42448   13   7
   35969   23   1
  166720   17  24
  162497   24  17
  211551   10  15
  212823   10  15
  220869   18   2
   79052   16   6
  195956   15   8
  211137   10  13
  209984   10  13
   44904   25  13
  155806    2   9
  222317   18   2
  206401    8  15
  145265   17  24
  160083   17  24
  221216   18   4
  221168    2  18
  146413   17  24
   37918    7  23
   20545   10   5
  195729   15   7
  146107   17  24
  166724    9  17
   44487   25  13
   55451    4  19
   52988   10  14
   67061   19  18
  164901   24   9
  221131   10   2
   32280   20  19
  210210   10   4
  222183    2  18
  213043   10  15
  211945    4   8
  144185   17  18
  149046   17  24
  211708   25   2
  158059   24  17
   39262   23   1
  221353    4   2
  146049   24   2
  213221    4   7
   23627   20  19
  185794   21  19
  204090   15   8
  159959   17  24
  158376   17  24
  211051   18  25
   21134    2  20
  195524    3  25
  154011   24   9
  210198    2   3
  149373    9  24
  168499   21  20
   36868    1   2
  173597   21  19
   48049   13  10
  153895    2  24
  144568   17  24
   40301   13   1
  147277   17  24
  186988   21  19
  161083    9  14
  210493   10  15
  143628   24  17
  151209   17  24
   60369   19  20
  193768   22   3
  184264   21  19
   38315   23   1
  143115   17  24
  176027   21  20
  191495   14  13
  168982   14  13
  148019   24  17
  211742    2   3
   41045    1   2
   76400   18   6
  209569    2  25
   33575   20  21
  161601   17  24
  198602   15  10
  175354   21  20
  155966   17  24
  200232    8  15
  200566   15   3
  181802   21  14
  209673    2   3
  221268    4  18
  211680    2  25
  181741   21  14
  193648    4   7
  155947   24  17
   40681    1   2
  144368   24  17
  210251   25  23
   43132   13   7
  163757   24   9
  161627   24   9
  155282   17  24
  143743   17   9
   34434   25   1
   40072   25   1
  194550   15   3
  171367    4   7
  222106    4  18
  200349    3  22
  210701   25  10
  144446   17  24
   34839   13  10
  165205   24  17
   44993   13  14
  173379   21  20
  194065   25  15
   33936   25  13
  177705   14  10
  204908    8   4
   64585   19  20
  151051   17  24
  223009   10   4
   74247    6   8
  164921    4   7
   19701   20  21
  154881   17  24
  204668   15   8
  221211   18   4
  211884   25   2
  168511   21  19
  199823   25  15
  161905   17  24
  106869    2  18
   38200   25   1
  195096    8   4
  198669    3   1
  222831    2  18
  209872    4   8
   80302    6  16
   76393   18   6
  185792   14   5
