     75035    2   3
    281305    1   4
     58873    0   4
    231768    1   0
    205466    4   0
    277225    0   4
    222829    0   4
    229567    1   0
      1298    4   0
    155506    2   1
     62451    4   0
    285110    1   4
    165284    0   1
    140846    3   4
    227374    1   0
     50809    2   0
    223986    2   0
    147342    4   0
    145237    0   1
    280653    3   4
     61662    4   0
    148646    0   2
    227198    2   0
    289292    1   4
    150193    2   1
    286277    2   4
    277794    0   4
    278818    0   4
    265989    0   4
    278509    2   4
    224627    1   0
    289189    1   4
     10682    1   0
    278332    3   4
    183480    4   0
    218175    0   4
    185238    4   0
    272390    4   0
    152527    4   0
    227655    1   0
    278171    0   4
    160976    2   0
    273608    0   4
    124275    4   0
    279379    1   4
    289060    0   4
     78361    2   3
    282334    1   4
     25453    4   0
    142937    1   0
    267328    0   4
    223218    1   0
     80590    3   4
    146413    4   1
    291292    3   4
    163554    1   2
    150548    1   2
    192839    4   0
    289420    0   4
    234500    1   0
    275229    4   0
    165915    2   0
     16966    1   0
    224850    4   0
    279332    0   4
    169849    0   4
    270626    2   0
    233535    1   0
    290858    0   4
    236273    1   0
    277215    0   4
    226495    2   1
    287446    2   4
    202336    4   0
    233191    1   0
    156727    2   0
    228674    2   1
    282398    0   4
    232819    1   0
    278469    0   4
    277021    4   0
    285392    0   4
    236333    0   2
     24397    2   0
     70976    3   0
    140985    2   0
    184548    2   0
     34190    4   0
     16538    4   0
    224316    2   0
    226796    1   0
     52781    0   4
    141879    1   0
     64498    0   4
    243463    4   0
     59417    4   0
     11049    1   0
    278765    0   4
    161295    1   0
    265505    4   0
    189409    1   0
     64726    4   0
    140878    1   2
    285809    2   4
    158840    3   0
    176447    4   0
    283582    2   4
     10715    1   0
    232018    1   0
    140088    4   0
    172396    0   4
    267116    4   0
    274102    4   0
     78632    3   4
    280106    1   4
    156719    0   1
    150234    0   1
    198920    0   4
     14039    1   0
    140909    0   1
    178183    1   0
    221770    4   0
    283496    2   4
    282049    1   4
    151142    2   1
    152533    1   2
     88390    4   0
    201294    4   0
     50396    2   0
    148479    2   1
    149315    2   1
    190793    4   0
    226474    1   0
     75643    0   4
    204736    4   0
    266792    0   4
     23414    0   1
    147050    2   1
    274504    0   4
     76517    3   4
    284003    1   4
    291986    0   4
     15392    4   0
    225329    1   0
    211901    2   4
    161715    2   1
    227455    1   0
    264312    4   0
    156645    2   1
    154950    0   1
    168678    4   0
    152128    1   0
    225519    1   0
    115868    3   4
    202713    0   4
    232106    4   0
    289404    3   4
    225723    2   0
    266535    0   4
     54804    0   4
    163132    2   1
    278688    0   4
     62574    0   4
    270778    4   0
    233956    1   0
    163474    1   0
    268614    1   0
    287379    4   0
    283352    0   4
     61953    0   4
    277349    1   4
    286723    3   4
    156962    4   2
    177503    4   0
    143528    0   1
    194269    1   4
    282217    4   0
    253880    4   0
    191773    4   0
    223521    1   0
    279826    1   4
    152950    2   1
    286950    2   4
    223507    1   0
     52157    4   0
     21790    1   0
    285319    3   4
     55439    0   4
    286812    2   4
    291306    0   4
    173113    0   4
    288892    0   4
     69843    3   0
    155314    1   0
    285363    1   4
     61201    4   1
    224817    0   2
     90468    3   1
    289382    0   4
     27406    2   0
    278438    2   4
    140816    2   1
    267156    4   0
    158854    2   1
     37956    2   4
    196056    4   0
    213515    3   4
    224656    1   0
     83730    3   4
     24215    1   0
    154701    0   1
     13924    4   0
    268272    0   4
    147987    0   1
    177859    0   4
    231652    1   0
     65862    0   4
    240439    2   0
    155323    2   1
    287639    0   4
     78555    3   4
    206888    3   4
    147723    2   0
     25573    1   4
     98051    0   4
    162625    2   0
     22049    1   0
    147459    0   1
     29064    0   1
     54163    4   0
    275582    0   4
    285966    0   4
    281780    1   4
    267731    2   1
     19693    1   0
    151227    2   0
    156390    3   4
    235915    1   0
     53757    4   0
    151804    1   0
    162357    1   4
    141976    1   2
    140429    2   0
    174631    0   4
    286341    0   4
    202935    0   4
    223257    2   0
    283148    0   4
    154248    2   4
    281121    4   0
     55668    4   0
    145071    4   1
     10257    4   0
    288707    0   4
    224061    2   1
    195318    0   4
    153528    1   0
    165901    4   0
    154476    1   0
    285322    0   4
     15959    4   0
    160072    4   0
    279363    1   4
    279862    1   4
    172031    4   0
    227401    1   0
    165444    2   1
     55037    2   4
    265869    0   4
    287444    4   0
    105352    4   1
    158793    2   0
    278134    1   4
    184765    4   0
    156082    1   4
    279744    3   4
    160110    2   1
    279639    4   0
    271224    0   4
     77418    3   4
    267495    1   0
     55620    0   4
     22173    0   1
    275102    3   0
    231112    0   2
    142337    1   0
     15128    2   0
    145694    1   0
    234390    1   0
     51755    3   4
     53988    4   0
    151172    4   0
    144366    2   0
    289268    0   4
    179334    0   4
    184175    4   0
    228242    1   0
    176923    0   4
    227898    1   0
     72336    1   0
    235006    1   0
    282436    2   4
    163565    2   0
    223814    1   0
     68451    1   0
    150908    2   1
    225709    1   0
    153676    1   0
    201772    0   4
    157405    1   0
    276343    3   4
     20627    0   1
    232547    1   0
    236959    1   0
    279630    4   0
    227122    2   0
    289235    0   4
     24568    1   0
     39844    0   4
      9965    4   0
     57153    4   0
     77040    2   4
    162352    1   0
    156291    2   0
     35744    3   4
    241717    1   0
    146455    2   1
     80634    3   4
    150179    0   1
    146640    0   2
    224285    1   0
    288689    1   4
    289059    0   4
    275121    0   4
    266336    3   4
    271501    3   4
    160646    1   0
    224170    1   0
    152190    3   0
    222496    4   0
    199227    4   0
    103913    1   4
    284002    0   4
    286614    3   4
    170379    4   0
    141725    1   0
    225984    2   0
    208258    2   1
     86723    0   4
    210826    4   0
    275193    2   4
    288389    1   4
    205681    4   0
    279642    4   0
    209668    4   0
    185875    0   1
     94276    3   4
    167166    1   0
    210306    4   0
    156245    2   1
    291079    0   4
    288232    0   4
    141367    2   1
    225324    2   0
    159495    0   2
    287026    1   4
    284774    0   4
    280962    0   4
    181297    1   0
    200612    3   4
    147585    2   1
     86193    4   0
    164111    2   1
     36381    2   4
    290747    1   4
    223155    1   0
    223368    1   0
     21339    1   0
    144724    1   0
    238271    2   0
    165770    3   4
    190290    0   4
     33925    3   4
    235506    1   0
    167109    2   1
    270956    4   0
    226824    1   0
    205103    1   0
    280216    4   0
    227790    2   0
    108879    2   4
    277605    1   4
    178987    4   0
     89191    4   0
    281160    0   4
    155552    2   1
    280838    3   0
    154937    0   1
    275244    3   4
    275291    0   4
    155874    4   0
    149085    4   0
    286101    1   4
    184076    1   0
    205423    0   4
    162863    1   0
    288861    2   4
    239816    1   0
    290340    0   4
    158936    2   1
     74742    3   4
    147687    0   4
    230144    2   0
    286427    0   4
    254190    1   0
    163822    0   1
    274820    0   4
    223671    2   0
    166980    1   2
    286049    0   4
    141245    3   4
    177693    4   0
    281172    0   4
    285516    0   4
     55194    4   0
    233187    1   0
    176213    0   4
    277623    1   4
    269348    4   2
    285976    2   4
    154552    2   1
    285012    1   4
     74215    0   4
    105175    1   3
    148657    1   0
    290528    4   0
     76053    3   4
    141016    4   1
    149119    3   4
    204396    1   4
    270312    4   0
    281849    0   4
     56387    2   0
    233074    1   0
    141007    1   0
    226615    0   1
    152239    0   1
    157306    1   0
    233414    1   0
    142758    4   0
     20228    1   0
    287747    0   4
    277462    0   4
    154505    1   0
    150609    0   1
     52627    0   4
    166123    2   1
    158641    0   4
    282491    0   4
    160462    2   1
     27871    4   0
     38149    3   0
    196204    0   4
     91269    4   0
    156796    0   1
    173395    0   1
    292014    0   4
      4778    0   2
    290260    0   4
    175880    0   4
    202599    0   4
     94127    1   0
    158835    0   1
    288429    0   4
    224563    1   0
    264763    1   0
     26407    1   0
     50078    1   0
    201687    2   4
    280458    4   0
    265379    0   4
    224873    1   0
    226876    1   0
    274187    4   0
    232861    2   0
    285560    4   0
    240575    1   0
    151972    1   0
    146213    2   0
    238325    2   0
    210735    4   2
    141899    4   0
     52306    4   0
    156155    2   4
    155201    1   0
     14893    1   0
    289700    1   0
    274537    4   0
    237585    2   0
    161925    2   1
    194782    0   4
    177951    4   0
    225051    1   0
    277970    0   4
    108038    3   4
    270212    1   0
    279122    0   1
     88800    1   0
    277031    0   4
    277867    0   4
     10738    1   0
     56586    0   4
    225934    1   0
    272226    0   4
    267376    4   0
     13887    4   0
    194514    4   0
    166270    0   2
    212074    2   0
    205345    4   0
    153443    1   0
    178199    1   0
     71216    4   0
    288458    3   4
     29115    1   0
    286270    3   4
    193981    4   0
    211989    1   4
    291474    0   4
    280002    4   0
    142919    1   2
    158305    2   1
    291517    0   4
    145519    2   1
    140482    2   1
    198026    1   4
    257759    4   0
     80410    3   4
    154801    3   4
    289648    0   4
    291304    4   0
    163734    2   1
    272986    0   4
    163804    1   0
    151111    1   0
     22342    1   0
    221863    1   4
    205078    3   4
     16446    4   2
    210916    4   0
    239608    1   0
    146706    3   4
    279765    1   4
    213817    1   4
    152454    1   0
    152612    0   1
     60157    4   0
    190942    1   0
     66368    0   4
    274816    0   4
    148246    3   2
     35374    3   4
    289045    0   4
    166601    1   0
    271416    1   4
    237646    2   0
    287964    4   0
    231495    3   4
     22270    1   0
    152179    2   1
    277996    2   0
    275575    0   4
    224824    1   0
    265619    1   0
    144939    4   1
        27    0   4
    289157    1   4
     62890    0   4
    269456    4   0
    232513    2   0
    276994    0   4
    280333    0   4
    158631    1   0
    170865    0   1
    231897    1   2
    144097    0   1
    154346    0   2
    233709    1   0
     38496    4   1
    150299    1   0
    150120    1   0
    277380    4   0
    174772    3   1
    289061    0   4
     21009    3   4
    181454    4   0
    290633    2   4
    148318    4   0
    228301    2   0
    158361    4   0
    183791    4   0
    286443    4   0
    285536    0   4
    275109    0   4
    275020    1   4
    145126    3   4
    289308    4   0
    277957    2   0
    166974    4   0
    216238    2   0
    276087    2   4
    160222    0   1
    284710    3   4
    154117    1   0
    212250    3   4
    164073    1   2
     12102    1   0
    196188    1   4
    289251    0   4
    229117    2   0
    162572    2   0
    278564    0   4
    200751    0   4
    282798    2   4
    211205    4   0
    204319    1   4
    278833    0   4
    150814    1   0
    143916    4   2
    233726    1   0
     14681    3   4
    142416    1   0
     39106    3   4
    267070    0   4
    282261    0   4
    230213    2   1
    288928    0   4
     61916    4   0
    233794    1   0
     29019    0   1
    280627    0   4
    282195    0   4
     49715    1   0
    287061    2   4
    162567    2   1
    148633    4   0
    276118    3   4
    230241    1   0
    237573    2   0
    235232    1   0
    288592    1   4
    224699    1   0
    231032    1   0
    273292    0   4
    282725    3   4
    246876    1   0
    282756    1   4
    145475    4   0
    148477    2   0
    195485    4   0
    163967    0   4
    225452    1   0
    284416    0   4
      7195    4   3
    280470    0   4
     13157    1   0
    264955    0   4
    145792    1   0
     33989    3   4
    278852    1   0
    231748    1   0
    233554    1   0
    272182    0   4
    151672    2   4
    223593    2   0
    166572    2   1
    141681    2   4
    161507    0   4
    148984    2   0
    291782    2   4
    146913    2   4
    163912    0   4
    110622    0   4
    279707    0   4
    286199    3   4
    289249    1   4
    280259    0   4
    230127    2   0
    148719    0   4
    275857    3   4
    104445    3   0
    238023    1   0
    282668    3   4
    104138    3   4
     54130    4   0
    182304    4   0
    270326    4   0
    140869    1   0
     17257    3   4
    282658    4   0
    229231    2   0
    235219    1   0
    236559    1   0
    197112    0   4
     43056    3   4
    230859    1   2
    143535    0   1
    289116    2   4
     14391    1   0
      9489    2   4
    172913    0   4
     16608    1   0
    282194    4   0
    291432    0   4
    238532    1   0
    149517    4   0
    160048    2   4
    154157    1   0
    284649    1   0
    216278    2   4
    279151    0   4
    169901    0   4
    224317    1   0
    270554    4   0
    177785    4   0
     99852    3   0
     90453    0   4
    267113    3   4
    179827    0   4
    289647    0   4
    282077    4   0
    171018    4   0
     13484    4   0
    147639    4   0
     79025    0   4
     17979    4   0
    286853    2   4
    141158    2   1
    149526    4   0
    171892    0   4
    160765    4   1
    104201    0   4
    230771    1   0
    269446    4   0
    289348    0   4
    178482    4   0
    287870    3   4
    270728    2   4
    221177    1   4
     10362    1   0
     33270    1   0
      9496    1   0
    275527    4   1
    140850    1   0
    150702    4   0
    160339    2   1
    269485    0   4
    157366    1   2
     82897    3   4
     49548    1   2
    284348    1   0
     72053    1   0
    289054    1   4
    289446    2   4
     77183    0   4
    148103    2   0
    289814    3   4
    143033    1   0
    116728    0   4
     22597    0   1
     51628    4   0
    209561    0   4
     61543    0   4
    153071    4   0
    160251    1   0
    191969    4   0
    145216    1   0
    152890    3   2
    272229    0   4
    143601    2   1
    224411    1   0
    282733    4   0
    290816    0   4
    165876    2   0
    264064    4   0
     48535    4   0
    205047    0   4
    152776    1   2
    144345    0   1
    267664    4   0
    274761    1   4
    143328    0   1
    199084    3   4
    186380    4   0
    282006    2   4
    231009    1   0
    143161    2   1
     19300    1   2
    161904    2   1
    291777    2   4
    151627    0   1
     29609    0   4
     53012    4   0
    225086    1   0
    149654    2   4
    164774    0   1
    147984    0   1
    274691    0   4
    269657    1   0
    156509    0   1
    164916    2   0
    147394    1   0
    276893    1   4
    204185    3   4
    172681    0   1
    105099    3   4
    196696    0   4
    169328    4   0
    225087    1   0
    157131    0   4
    165411    1   2
    202601    4   0
    288783    4   0
    162300    4   3
    223993    1   2
    278789    2   4
    223817    4   0
    282595    1   4
    154457    2   0
    212806    0   4
    287039    0   4
    145606    1   0
    165733    2   4
    197741    4   0
    287488    0   4
    275011    0   4
    231757    2   1
    148114    0   1
    169101    1   0
    148944    1   0
    287887    1   4
     68382    4   0
     87524    3   0
    264707    0   4
    151161    2   1
     10945    1   0
     37212    3   4
    204219    3   4
    170232    1   0
    149272    2   0
    234813    3   0
    227132    0   1
    289180    0   4
    144673    1   0
     39405    0   4
    166362    0   4
     60543    0   4
    215389    4   0
    180865    1   0
    189138    4   1
     57613    0   4
    150307    1   0
    281017    0   4
    147232    2   1
     64088    0   4
     10218    1   0
    202817    4   0
    276098    1   0
    286482    2   0
    198859    2   4
    285600    2   4
    161525    0   4
     35409    0   4
    246611    4   0
    275757    1   4
     56952    0   4
    161346    2   1
    288637    0   4
     89547    0   4
    225408    0   2
     63417    0   4
     21020    1   0
    227737    4   0
    291407    1   4
    151269    1   2
    290477    0   4
    167636    4   0
    222107    3   0
    195089    4   0
    222663    3   4
    223750    2   0
    140368    0   1
    281404    1   4
    280186    0   4
    170966    1   0
    157457    0   1
    149904    1   0
    241732    2   0
    281769    0   4
    152131    2   4
     18076    1   0
    161134    0   1
    147872    3   4
    168751    0   1
     37468    3   4
     55366    0   4
    162227    4   0
    225366    2   0
    223806    1   0
    278416    4   0
    269032    4   0
    107153    3   4
    236570    2   0
    284466    0   4
     68212    0   4
    140330    2   1
    202490    0   4
    277571    0   4
    275409    2   4
    285527    0   4
    283593    3   4
    216472    3   4
     56645    4   0
     13824    1   0
    268365    1   0
    219112    1   4
    227352    2   0
     61556    4   0
    264398    0   4
    286779    3   4
    155542    0   2
    239868    1   0
     18012    4   0
    280921    1   0
     27541    1   0
    292006    1   4
    277318    1   4
    163929    2   0
    154364    2   0
    141795    1   0
    169076    1   0
    183946    4   0
    184873    4   0
     57491    4   0
    290239    0   4
     84608    0   4
    274953    4   0
    155763    1   2
    283819    1   4
     69475    4   0
    150700    0   1
    284765    4   0
    284837    0   4
     21820    2   4
     19859    1   0
    274514    0   4
    194695    3   4
    237637    1   0
     49686    2   0
    284172    0   4
    225627    2   1
    236451    1   0
    148967    2   1
    155205    1   0
    174437    0   4
     70540    2   1
    284346    1   0
     59269    1   0
    146359    0   4
    177116    4   0
    290422    1   4
    279887    0   4
    195119    0   4
    158968    1   0
    284936    4   0
    206819    4   0
    281751    1   4
     41044    1   4
    270265    1   4
    159672    4   1
    194700    1   0
    290005    0   4
    227854    1   0
    159813    1   4
    198143    0   4
     81415    4   0
    183163    1   0
    149311    4   0
    151211    1   0
    105907    1   4
    182440    2   0
    279029    2   4
    288858    0   4
     62835    0   4
    149161    4   0
    231248    1   0
    144347    2   1
    141079    4   1
    153970    2   4
    147316    1   0
     40891    2   4
     61137    0   4
    286028    1   0
    275258    0   4
    153548    4   0
    285059    0   4
    206090    0   4
    279295    1   0
    281230    0   4
    267764    0   4
    228475    2   0
    114683    0   4
    229944    2   1
    196850    0   4
    287008    4   0
     58263    4   0
    227533    1   0
    278483    4   0
    190263    4   0
     19739    1   2
    289211    0   4
    160566    2   1
    158786    2   1
    223850    1   0
    231370    1   0
    274495    1   4
       382    1   4
    280976    0   4
    148253    1   0
    281459    2   0
    271677    4   0
    284429    0   4
    278998    4   0
    170793    4   0
    108304    1   4
    278886    0   4
    168812    1   4
    266160    0   4
     55894    4   0
    277360    2   4
    267047    2   0
     20549    1   0
     27272    1   0
    283569    0   4
    148925    1   0
    181047    1   0
     38682    0   4
    290563    0   4
     52471    2   0
    276795    3   4
    141757    4   0
    159571    4   0
    158166    0   1
    231647    1   0
    111049    1   4
    282233    2   4
    169363    1   0
    199417    4   0
    278284    0   4
    154181    1   0
    107868    0   4
     49659    2   4
    286813    0   4
    278857    3   4
    274329    0   4
    170190    0   4
    144254    1   0
    266083    4   0
    163391    1   0
    228498    1   0
    226960    2   1
    159935    4   0
    153924    4   0
    156433    0   2
    287840    1   4
    270244    4   0
    164304    2   1
    282581    0   4
     69283    4   0
    149418    4   1
    280452    4   0
    278547    0   4
    286688    0   4
    290013    1   4
    283390    4   0
    278623    0   4
    243450    4   0
    290960    1   4
    230356    2   0
    268564    1   4
    167337    1   0
    266581    4   0
    166684    1   0
     40686    3   0
    209704    3   1
     53722    4   0
    151768    2   1
    144843    1   0
    230028    0   2
    229615    1   0
     14351    4   0
    162805    0   1
    193344    0   4
    156488    2   1
     57831    4   0
    276180    2   4
     66940    4   0
    150074    0   1
    203465    4   0
    210741    0   4
    276523    1   4
    268010    2   1
    286872    0   4
    193753    3   0
     51246    1   0
    148838    2   1
    157833    0   1
    241515    1   0
    200090    0   4
    215513    0   4
    230788    0   1
    227043    2   0
    282805    0   4
    154483    1   0
    159858    2   1
    285456    1   4
     51729    4   0
     50724    4   0
    284871    3   4
    232568    2   0
    158995    1   2
    105524    3   4
    291977    4   0
    271590    1   4
    283450    0   4
     76664    0   4
    284196    4   0
    226365    1   0
    142092    4   0
    280733    1   4
    282995    0   4
    282337    0   4
    290478    0   4
    280785    4   0
    267569    1   4
    279845    4   0
    111901    4   0
    155608    3   4
    290237    2   4
    100949    4   0
    290599    0   4
     67669    1   0
    195025    4   0
     53142    4   0
     52717    4   0
    210378    3   4
     77159    3   4
     54403    4   0
    153560    2   1
    286875    4   0
    149886    1   2
    226699    2   1
    161392    4   2
    149604    0   1
    270888    0   4
     90618    4   0
    223624    1   0
    288672    0   4
    199848    4   0
    228024    0   2
    165462    1   0
    102341    1   0
    221378    0   4
    189772    4   0
     91035    3   4
     20802    0   1
     26903    0   1
    221809    0   4
    160083    3   4
    281582    0   4
    161756    4   0
    289979    1   4
    229904    1   0
    141459    0   4
    237198    0   1
    141579    4   0
    226462    1   0
    209239    2   4
     74497    2   4
    153899    2   0
    154881    1   0
    267843    1   0
    226402    1   0
     21736    0   1
    291380    0   4
    162814    2   0
    171203    0   4
    181393    3   0
    222689    3   0
    205725    0   4
    276006    1   4
    279651    0   4
    283480    1   4
    237027    1   0
    291654    0   4
    237521    0   2
    154669    1   0
    279849    2   4
     49665    2   0
     26405    1   0
     15134    4   0
    278354    0   4
     26849    4   2
    284221    3   4
     53331    0   1
    290088    1   4
    234785    1   0
    281272    4   0
    194882    4   0
    231058    0   1
    170892    0   4
     28007    0   1
     11088    4   0
    185588    0   4
    163764    3   0
    233781    1   0
     74475    3   4
    201433    2   4
    239916    1   2
    105367    0   4
    195194    0   4
     93922    3   0
    225848    1   0
    160401    1   0
     25619    0   1
     20813    0   1
    143736    1   0
    140077    0   4
    162955    2   1
    196895    2   4
    238081    1   0
    149481    2   1
    163811    4   0
    146223    0   2
     87697    1   4
     38255    0   4
    291005    3   4
    165133    0   1
    144861    4   0
    108295    0   4
    163645    0   1
    152039    0   1
    267139    0   4
    166382    2   1
    234504    2   0
    241489    1   0
     25434    4   0
    281961    0   4
    142723    2   0
     64044    4   0
    281162    3   4
    224558    1   0
     64017    2   4
     61934    0   4
     83966    3   0
    271800    0   4
     58459    4   0
    280920    3   4
    232736    1   0
    278263    3   4
     80312    0   4
    152698    4   0
     49689    4   0
    288699    2   0
    163376    1   0
    230517    1   0
    220357    1   4
    150094    0   1
     34755    4   0
     51717    4   0
    227151    2   1
    153533    1   0
    227836    1   0
    277429    1   4
    162237    2   1
    210968    2   4
    178239    1   4
    228986    1   0
    161567    4   0
     17425    4   0
    219323    0   4
    143144    2   0
    141633    4   1
    240528    1   0
     99875    1   0
    153177    1   2
    281548    3   4
    240556    0   1
    161407    0   2
     47548    3   4
    276151    3   0
    289624    2   4
    230967    1   0
    225224    1   0
    266435    4   0
    152662    1   0
    265672    4   0
    158114    0   1
    210510    4   0
    266943    4   0
    290750    0   4
    209955    4   0
    275875    1   4
     35644    2   4
    223293    2   0
     55567    1   4
    198434    0   4
    155038    0   1
     86729    2   1
    281764    0   4
     78135    3   4
     79632    3   4
    275223    0   4
    271125    4   0
    288946    1   4
    241921    2   0
     21975    1   2
    279126    0   4
    289038    2   4
    160580    2   1
    291168    0   4
     33579    1   0
     38903    0   4
    285622    0   4
    184875    4   0
    265079    0   4
    209814    2   4
     30072    1   0
    286636    0   4
    232505    2   0
     25181    2   4
    233173    2   0
    179653    4   0
     54307    4   0
    163662    1   0
    288381    0   4
    196676    4   0
    236373    1   0
    284207    4   0
    282206    4   0
    178595    1   0
    224313    2   0
    278413    1   4
     77859    2   4
    142881    1   0
    113010    1   0
     64314    0   4
    288561    1   4
    199364    2   4
    276962    0   4
    147604    1   0
    149449    0   4
    168733    4   1
    192583    0   4
    194839    4   0
    154796    1   0
    142061    1   2
    281379    1   4
    288624    3   4
    143691    2   1
    279473    4   0
    187064    3   4
    286598    1   4
      9504    0   1
     22471    1   0
    284881    0   4
     21668    0   2
    233688    2   1
    182824    0   1
    158492    2   0
    291867    2   4
    281427    0   4
    183165    0   4
    283371    2   1
     91510    4   0
    204265    1   4
    228735    1   0
    192030    4   0
    281985    3   4
    158159    2   4
    142046    0   1
    157471    2   0
     79546    3   4
    274578    2   4
     85345    3   4
    107890    3   4
    283706    3   0
    288501    3   4
    290364    0   4
     80484    1   4
     30158    1   0
    144639    2   1
    160847    4   0
    153879    3   0
    225793    1   0
     43994    0   4
    237582    2   0
    145013    1   0
    240680    4   0
    271072    0   4
    275138    1   4
     49572    1   2
    170296    0   4
    177084    1   0
       631    1   3
    165781    1   0
    141006    2   0
     13399    0   4
     19931    1   0
     27543    0   1
    270893    3   4
    279429    3   4
    267963    1   0
    146095    2   1
     35832    3   0
     63934    0   4
    206539    4   0
    272578    0   4
    287340    4   0
     25313    4   2
    281074    0   4
    233085    1   0
    277807    0   4
    157181    2   1
    192746    0   4
      9826    2   4
     54000    0   4
    159612    1   0
    289817    0   4
     51036    2   1
    281583    0   4
    199004    4   0
    284299    3   4
    140988    4   0
    279752    0   4
    178444    0   1
     51816    0   4
    290739    0   4
     93094    4   0
    171017    0   4
    150059    1   0
    227669    1   0
    192031    0   1
    157556    1   0
    178324    4   0
    288811    2   4
    224885    1   0
     64249    0   4
     95286    4   0
    266988    2   1
    224798    1   0
    282967    1   4
    231708    2   0
    287718    1   4
    285210    0   4
    154093    0   1
    282102    0   4
     20494    0   2
    158834    1   0
    213741    4   0
    291862    0   4
    231015    1   0
    160199    2   0
    282033    3   4
     91754    1   0
     92711    3   1
    267672    0   4
    285425    4   0
    277929    4   0
    228709    0   2
    181621    4   0
    282675    3   0
    232789    0   1
    277646    0   4
    222390    1   0
    283922    0   4
    143672    1   0
    194166    4   0
    277481    1   4
    158250    2   0
    230641    1   0
    281043    1   4
    224611    1   0
    223649    1   0
    204294    2   4
    285799    0   4
     63593    4   0
    248215    1   0
     26117    2   0
    278803    2   4
    278545    1   4
    152936    3   4
    206091    1   0
    290791    1   4
    290339    2   4
    144016    2   1
    198525    4   0
    291767    0   4
    158929    1   2
    283534    0   4
    146547    0   1
    267833    2   4
    211747    0   4
    174362    4   0
    220955    0   4
    282338    2   4
    280194    0   4
    238432    2   0
     25001    4   0
    277579    0   4
    147772    2   4
    291613    0   4
    276266    2   4
    242568    1   0
    164624    0   1
    147695    1   0
     56874    0   4
    276840    0   4
    150266    0   1
    214877    1   4
    266357    4   0
    284667    1   4
     53826    4   0
    268354    0   4
    143198    0   1
     10370    1   0
    282519    1   4
     40289    2   4
    227208    2   1
    280422    0   4
    195391    0   4
    232537    2   0
    290351    1   4
    291408    3   4
     23585    1   0
    212083    3   4
     28008    2   0
    153336    0   4
    264686    1   4
    290333    0   4
     55840    0   4
    286220    1   4
    281983    4   0
    282009    1   4
    196039    0   4
    140108    2   1
    146323    1   0
     55618    0   4
    226470    2   0
    161918    2   1
    277620    0   4
     61293    0   4
    288654    0   4
    198978    3   4
     42419    3   4
     87818    4   0
    147021    1   0
     85117    0   4
    268961    4   0
    145321    2   4
     74923    2   4
    159209    0   2
    188811    4   0
     64575    4   0
    140367    0   1
    147043    0   1
     14729    1   0
    276644    1   4
    291334    2   4
    282283    3   4
    150215    2   1
     32153    2   1
    289223    2   4
     31358    1   0
    285332    1   4
    168567    0   4
     74388    0   4
    274419    2   4
    287568    2   4
    289434    0   4
     58118    2   4
    150993    2   4
    275676    4   0
    238898    1   0
    172872    0   4
    288273    3   4
    270648    4   0
    273279    0   4
    145405    1   2
    210331    2   4
    228766    1   0
     49679    2   0
    291066    2   4
    170304    0   1
    278575    0   4
    172285    0   4
    288196    0   4
    152566    1   0
    289916    0   4
    143837    2   4
    291369    0   4
    107062    3   4
     72077    3   0
    145499    1   0
    285813    1   4
    111315    0   4
    183119    4   0
    233746    1   0
     35100    0   4
    140990    2   1
     37211    4   0
    158779    2   1
    200497    4   0
    155781    0   4
    270171    4   0
     86403    1   0
    282817    4   0
     52925    4   0
    286122    1   4
    245499    1   0
    140831    4   0
    287307    0   4
    150873    0   2
    150794    1   0
    204142    0   4
    160371    0   1
    278198    1   0
    160815    2   1
    140969    0   1
     56859    4   0
    155619    2   1
    279027    2   4
    264299    1   0
    237860    0   1
    290415    3   0
    232033    2   0
     73819    1   0
    209764    4   0
    184668    0   4
    161542    4   1
    181194    0   4
    189797    4   0
    267513    0   4
    281044    0   4
     88416    1   0
    274928    0   4
    287322    4   0
    284542    0   4
    166813    2   1
    283723    4   0
    281557    0   4
    287014    0   4
     53352    4   0
    202523    4   0
    237827    1   0
    153435    2   4
    286933    0   4
    236971    1   0
    253982    1   0
    265938    0   4
    146828    2   1
    179546    1   0
     77274    0   4
    103506    3   4
    279896    4   0
     86328    3   0
     76288    2   4
    279147    2   4
    143173    1   0
     45598    4   0
    213145    3   4
    289076    0   4
    287652    1   4
    175712    1   0
    274805    0   4
    276796    0   4
    164313    2   0
     20195    1   0
    124887    3   4
    255404    4   0
    223646    1   0
    234668    3   4
     66487    0   4
    284968    0   4
    155058    1   0
    291439    0   4
    277926    4   0
    226456    0   1
    279419    0   4
    287180    0   4
    273298    0   4
    142826    1   2
    239018    1   0
    201110    4   0
    276413    1   4
    274613    0   4
    193285    0   1
     16951    4   0
    145816    1   0
    238621    0   1
    231818    1   0
    142846    2   1
    147833    1   0
    274746    1   4
    106572    3   4
    160537    1   0
    290243    0   4
     55849    0   4
    167576    4   0
    154827    1   0
    149953    2   4
    158425    2   4
    106298    1   3
    194040    0   4
    276039    4   0
    276288    3   4
    150627    1   4
     54833    0   4
    147282    4   2
    154614    1   0
    262992    1   0
    210057    2   4
    289342    3   4
    260023    4   0
    284873    0   4
     12620    1   0
    280669    0   4
    155272    1   0
    160276    2   1
    272243    0   4
    156075    2   1
    275059    1   4
    271869    4   0
     59099    0   4
    142355    0   2
     74902    3   4
     85230    4   0
    229420    0   1
     15942    4   0
    237164    2   0
    149154    2   1
    266212    4   0
    145098    0   1
     35762    0   4
    207944    2   4
     85799    3   4
     15424    1   0
     34697    1   4
     89176    1   0
    153042    2   1
    270828    1   0
     26807    1   0
     59991    0   4
    285124    2   4
    193916    4   0
    202191    0   4
    148024    1   0
    196493    0   4
    141911    2   1
    282559    0   4
    147900    2   0
     34998    4   0
    207469    2   4
    104923    0   4
    239777    1   0
    154544    0   1
    242051    1   0
    194756    0   4
     59154    4   0
     89912    2   0
    148456    1   0
    230794    1   0
     22801    4   0
    152157    1   4
    278117    2   4
     55644    0   4
    158739    0   2
    152342    4   0
    164318    1   4
    281007    1   4
    264794    0   4
    287847    2   4
    288806    1   4
    111670    0   4
    288709    2   4
    277471    2   4
    179007    0   4
    142155    2   1
    268197    0   4
    204449    1   4
     76821    1   4
    275863    1   0
    277259    0   4
     20983    1   0
     49926    1   0
    149509    1   0
    173953    4   0
    276436    0   4
    264915    1   0
    282918    1   4
    280059    0   4
    155066    4   2
    229070    2   0
    195779    3   4
    181794    4   0
     19375    1   0
    265289    0   4
    213009    3   0
    278767    4   0
     56232    4   0
    234301    1   0
    145431    4   0
    196543    0   4
    234840    1   0
    143877    0   1
    163824    2   4
    148722    2   0
    140479    2   1
    164374    2   1
    168729    0   4
    203396    0   4
      2040    2   3
    210918    1   0
    287148    2   4
     23462    0   1
    162583    3   0
    151500    2   1
    290192    4   0
    266299    4   0
    105695    4   0
      1596    0   4
     52969    4   0
    288443    1   0
    159986    0   1
    183588    1   4
    167262    2   1
     54254    4   0
    150772    1   0
    167090    0   4
     33248    4   0
    141957    2   0
    153940    1   0
    197643    4   0
     94396    0   4
    286854    1   4
    144241    1   0
     44545    3   4
    290771    1   4
    140168    1   0
     86539    0   4
    104594    1   4
    291536    0   4
    287195    1   4
    272093    4   0
    234633    1   2
    242538    2   0
    284559    1   4
    288060    1   4
     53659    4   0
    290990    1   4
    225258    1   0
    169200    0   4
    288914    1   4
    281339    0   4
    148332    1   2
     84859    1   0
    195078    0   4
    162553    4   0
      6365    3   4
    276905    0   4
     20000    0   2
    160582    1   2
    283580    1   0
    206505    4   0
     54801    0   4
    105119    2   4
    284860    0   4
    140749    4   0
    290444    4   0
    146070    3   4
     57376    4   0
    264010    0   4
    222668    0   4
     59352    0   4
    263962    4   0
     85205    3   0
    287297    2   4
    194210    1   0
    278068    2   4
    206404    0   4
    287442    0   4
    289136    4   0
     58069    4   0
    142476    1   0
    288304    1   4
    257128    4   0
    232087    2   1
    223119    1   0
    223529    1   0
    215899    3   4
    276985    2   4
    171409    4   1
    159818    1   0
    161172    4   1
    124303    2   4
    239048    2   0
    205898    4   0
    284202    1   4
    180778    1   4
    150117    1   0
    149463    2   1
    291974    0   4
    163047    3   4
    269700    1   0
    152027    1   0
    178949    4   0
     64564    4   0
     21207    4   0
     39643    0   4
    159667    2   0
     43349    3   4
    280143    4   0
    260888    1   0
    232815    1   0
    182437    4   0
    112337    1   0
    188772    0   4
    166355    4   0
    284602    0   4
    290768    0   4
    287836    2   0
    234161    2   0
     55598    4   0
    233237    1   0
    282111    3   0
    143649    0   4
    285458    0   4
     82811    2   4
    276656    1   4
    180630    4   0
    148958    1   0
    283416    0   4
     32119    1   0
    267428    4   0
    283408    3   4
    280051    1   4
    225560    1   0
     75102    1   4
     59437    0   4
      3505    3   0
    291080    1   4
    106851    0   4
    220941    4   0
    270948    1   4
    287828    0   4
    202734    4   0
    117177    3   4
    286705    0   4
    187877    4   0
    268829    3   4
    108024    1   4
    274846    1   0
    230799    2   0
     61957    4   0
    240014    2   0
     54859    0   4
    222378    4   0
    264940    2   4
     85998    0   4
    289807    2   4
    284858    0   4
    286102    1   4
    163799    1   0
     54650    4   0
    285260    1   4
    281640    0   4
    264635    0   4
    237288    1   0
    229581    1   0
     99465    1   0
     77765    4   0
    151156    2   1
     58060    4   0
    276872    2   4
    147950    0   2
     57981    4   0
    275342    2   4
    143629    0   1
    152024    2   0
    159087    3   4
    230286    1   0
    197765    4   0
    284320    3   4
    143580    3   4
     20248    1   0
    141645    1   2
    163279    0   1
    162650    2   0
    284638    0   4
    253521    4   0
    286744    0   4
    274553    3   4
     19475    2   1
    291966    0   4
    281266    1   0
    276396    0   4
    264392    2   4
    213006    0   4
    283101    0   4
    145883    0   2
    209831    4   0
     33665    4   0
    140674    4   0
     59835    0   4
    149985    4   0
    284773    0   4
    265534    4   0
    288841    2   4
    155737    0   1
     14396    1   0
    286204    0   4
    278224    3   4
    196036    0   4
    153828    1   0
    198102    3   4
    159514    2   1
    207721    3   4
    289758    0   4
    239827    1   0
    220939    3   4
    159210    4   0
    151474    2   1
    278473    1   0
    198116    4   0
     56900    0   4
    232332    1   0
      1457    4   0
    239538    3   4
    142620    2   1
    159760    0   1
    142252    1   2
     37990    0   4
    282602    0   4
    192324    0   1
    147134    0   1
    144231    1   4
     24224    2   1
    223346    1   0
    145769    2   0
    234762    1   0
    145938    0   4
     22681    2   1
    153312    2   1
    176959    0   1
    290480    2   4
     52911    0   4
    285382    0   4
    165950    2   1
    233251    2   0
    202228    0   4
    235556    1   0
     18456    1   0
    155042    1   2
    229395    1   0
    231045    2   0
    198973    0   4
    276362    3   4
    147625    0   1
    291467    1   4
     80795    0   4
     28688    0   1
    148000    0   1
    264148    1   0
    228112    1   0
    148004    0   2
    225791    2   0
    276339    1   0
     11220    4   0
    271548    0   4
     24271    1   0
    107470    3   4
    280353    2   4
     25713    1   0
     23615    1   0
    149425    1   4
    207466    4   3
    150366    0   4
    186864    0   4
     50107    2   0
    142642    1   4
    172251    4   0
    149762    4   2
     12818    1   2
    285906    0   4
    275345    4   0
    281297    3   4
    140153    1   4
     40030    0   4
    232908    2   0
    160483    1   0
    285190    0   4
    143322    3   4
    232580    0   2
     34682    2   4
    160955    2   1
    190996    0   4
    267790    0   4
     79745    0   4
    264337    4   0
    285801    2   4
    215162    4   3
     62192    4   0
    280095    0   4
    153412    4   0
    213220    4   0
    237845    2   0
    241774    1   0
    234512    1   0
    163432    2   1
     87190    1   0
    282943    0   4
    150405    2   0
     50671    2   0
    286201    3   4
     17328    4   0
    150150    0   1
    166613    1   2
    225400    2   0
    156753    1   2
    291224    2   4
    165089    2   1
     30136    4   1
    280295    1   4
    143105    2   0
     56170    4   0
    273422    2   1
     61469    0   4
    286126    0   4
    288164    4   0
     46382    1   0
    188079    4   1
    233311    1   0
    151617    2   0
    160853    2   1
    237394    1   0
    283630    0   4
    241829    1   0
      1505    3   4
    162969    2   1
    280035    4   0
    231940    1   0
    288781    4   0
    155760    1   0
    279631    2   4
    228408    1   0
    218264    1   4
     25270    4   1
     57522    4   0
    277328    3   4
    264476    4   0
     44393    3   4
    195362    0   4
    274985    2   4
    150786    0   1
    277640    1   4
    251647    4   0
    228866    2   0
     12311    1   4
    184305    4   1
    113574    3   4
    284384    3   4
    156905    2   1
     50428    1   2
     45408    1   0
    154055    2   1
    204287    1   0
     55498    0   4
    225925    1   0
     18529    2   0
    197887    0   4
     88502    3   4
     39141    4   0
    200978    0   4
    163031    4   0
     83864    3   4
     50486    2   0
     19376    2   0
    142446    1   0
    145913    2   1
    216242    2   0
    279922    3   4
    282175    2   4
     16024    4   0
    161245    2   0
     88885    4   0
     74420    3   4
    146465    2   0
     13778    4   0
    156937    1   2
    269531    4   0
     75039    3   4
    284261    1   0
     75130    3   4
    269709    4   0
    268021    0   4
     25332    0   1
    280406    4   0
    151382    2   1
    233242    1   0
    143633    0   1
    155600    4   0
    176866    1   0
    105680    0   4
    195964    0   4
    175480    4   0
    288016    0   4
    148394    1   0
    222237    4   0
     75006    0   4
    104458    0   4
    211753    1   0
     80647    3   4
    161674    2   1
    125594    3   4
    203526    0   4
    277048    4   0
    291012    0   4
    232326    1   0
    226307    1   0
     55501    2   0
    174600    0   4
     34991    3   4
    275573    1   4
    288275    1   4
     14666    4   0
    265968    0   4
     59813    0   4
    227412    1   0
    229742    0   1
    283128    0   4
    275320    1   4
    195368    0   4
    159904    1   0
    166191    2   1
    223511    2   0
    234742    2   4
    284978    2   4
    240937    2   0
    227949    1   0
    291056    1   4
     22823    2   0
    169008    4   0
    163393    2   1
    229286    2   0
    270165    0   4
    241566    0   2
    144816    2   1
    285701    0   4
    236023    2   0
    272670    4   0
    200919    1   4
    278203    1   4
    195699    3   4
    143632    1   0
    281448    1   4
    242096    1   0
    158889    1   0
    174702    2   4
    156911    2   4
    281573    0   4
     11700    3   4
    279293    0   4
    161596    1   0
    236710    1   0
    283322    2   4
    163130    1   2
     48401    4   0
    285642    1   4
    271649    0   4
    153771    4   2
    267827    4   0
    201797    4   0
    280554    0   4
     76667    3   4
    161769    0   1
    164816    2   1
    233148    2   0
    156936    3   4
    148953    2   0
    281336    0   4
    283693    0   4
    277961    2   4
    239491    1   0
    282154    2   4
    278157    4   0
     87597    2   0
    175068    0   4
    281247    1   0
    162181    0   1
     34403    3   4
    241335    4   0
    275091    2   4
    153403    0   1
     53447    4   0
    275056    4   0
    148515    0   1
    264216    0   4
    242151    1   0
    188168    4   0
    283609    0   4
    165168    3   0
    282046    0   4
    227236    1   2
    177354    0   1
    270004    1   0
    145110    0   4
    284525    2   4
    148025    2   1
    278170    2   4
    289148    4   0
    116920    3   4
    281604    0   4
    279343    1   0
     20511    1   0
    156147    1   0
    288328    0   4
    199864    3   4
    144846    1   2
    205118    4   0
    153802    1   0
    277092    2   4
     39782    1   0
     56761    4   0
    211850    2   4
    290467    0   4
    205318    0   4
    273786    1   4
    287019    0   4
    156579    2   0
    234822    2   0
    282975    0   4
    196093    0   4
    212652    2   4
    189860    4   0
    232381    0   2
    288131    0   4
    163006    0   1
    224014    2   0
    267521    0   4
    202718    0   4
    269498    2   0
     58161    4   0
    231519    2   0
    164809    4   0
    155384    3   0
     55417    0   4
    151126    1   0
    215603    2   4
    149095    0   1
    282639    3   4
    233707    1   0
    277303    4   0
    283531    2   4
    289262    0   4
    241994    2   0
     34909    3   4
     20133    1   0
    169644    4   0
    276134    4   0
     53962    0   4
     36318    3   0
    291666    2   4
    163092    1   0
    187916    0   4
    288406    0   4
    275423    0   4
    267677    2   4
     10758    4   0
    278957    0   1
    146372    2   1
     60892    4   0
    281370    0   4
    288664    1   4
    162778    1   4
    288764    1   4
    156656    2   1
    283908    4   0
    162069    0   1
    141359    1   0
    194665    4   0
    240786    1   0
    198953    3   4
     81322    4   0
    154838    1   0
    233751    1   0
    167230    1   0
    236652    1   0
    241054    1   0
    281190    1   4
    289126    0   4
    205810    0   4
    143136    1   0
    278830    1   4
    285268    2   4
    144848    0   1
    231462    1   0
    288825    0   4
    159462    1   0
    145824    4   1
    184225    4   0
     17169    4   0
    142838    1   2
    270476    4   0
    278405    1   0
    155793    2   4
     56888    4   0
    290218    2   4
    151795    2   1
    226888    1   0
    165965    4   0
    153102    0   2
    163227    2   1
     85602    4   0
    101456    2   4
    149717    2   1
    286188    3   4
    280904    4   0
    266474    1   0
    215372    3   4
    143982    0   2
     76130    2   4
    266785    2   0
    176662    0   4
    287581    0   4
    212094    2   4
    267595    4   0
    166409    2   1
    285880    4   0
     28670    3   0
    173146    0   4
    291615    0   4
    290089    1   4
     94332    4   0
    273545    1   0
    150209    0   1
     21218    0   1
    158832    0   2
    222205    0   4
     37874    3   4
    216165    3   4
     49598    1   0
    199732    4   0
    158738    1   0
    281922    2   4
    146722    1   0
    223468    2   1
    150616    2   1
    290439    0   4
    271580    4   0
    278002    4   0
    290900    0   4
    234559    2   0
     55070    4   0
    226420    2   1
    177566    0   4
      6975    1   0
    229980    1   2
     67198    4   0
    145969    4   0
    164041    1   0
     26320    2   4
    140133    1   0
    280763    0   4
    255280    2   0
    277160    1   4
    172202    4   0
    143804    2   0
    287302    2   4
    285160    3   4
      9498    0   4
    274947    0   4
     51713    2   4
    222254    4   0
    286097    1   4
    214201    2   1
     49667    4   0
    207526    2   4
    232371    2   0
    232588    2   0
    276946    0   4
    278744    0   4
    177762    0   4
    237329    2   0
    213184    4   0
    162503    1   0
    202705    0   4
    226623    1   0
    161142    2   1
    279687    0   4
    265418    4   0
    289907    1   4
    224643    0   2
    183061    4   0
    280850    2   4
    282922    1   4
    286971    2   0
    147777    4   0
     68940    0   4
    286728    0   4
     55096    1   0
    274720    2   4
    269636    0   4
    140024    2   1
    146410    1   0
    197283    4   0
    178221    4   0
    199580    0   4
    237370    2   0
    287641    2   4
    269070    4   0
     12798    4   0
     27335    4   1
    222127    0   4
    281399    3   4
     99251    4   0
     63186    0   4
     11952    4   0
    153885    1   2
    290461    0   4
    167597    0   4
    185878    1   0
     41144    3   4
    193324    0   4
     63178    4   0
    289601    1   4
    142678    1   2
    276407    1   4
    276940    1   4
     56795    4   0
    198843    4   0
    226778    0   1
    150263    4   0
    158476    2   1
    194249    0   4
    223978    1   0
     13371    2   0
     56016    0   4
     59060    4   0
    226135    1   0
    164588    2   4
    158783    0   4
     37991    1   0
    156802    1   4
    275314    0   4
    164383    0   1
    239136    1   0
     56174    0   4
    212301    2   4
     58314    4   0
    143178    4   2
    277226    1   4
    290406    1   0
    281078    3   0
    143242    0   1
    284897    0   4
    154023    2   1
    270567    4   0
    289633    4   0
    110899    3   4
    147192    1   0
    277137    4   0
    152135    2   0
    276990    1   4
    223562    1   0
    283784    2   4
    152811    4   0
    269979    4   0
    192663    3   4
    165409    4   0
    162558    4   0
    159821    1   0
    190010    1   0
    230828    1   0
     12778    4   0
    278242    2   4
    154161    1   2
     53924    4   0
    280576    4   0
    232948    1   0
    264966    2   4
    224157    1   0
    210323    2   4
    164866    4   0
    217186    1   4
    168285    3   4
    279738    0   4
    277752    2   0
    287109    3   4
     65275    0   4
    246548    4   0
    240435    1   0
     62530    4   0
    206239    0   4
    171244    4   0
    141440    1   0
    155061    1   0
    141107    0   1
     67567    4   0
    276584    0   4
     11263    1   0
    141197    2   4
    290837    0   4
    147417    4   0
    287911    4   0
     87847    4   0
    289752    1   4
    150354    1   4
     12310    2   4
     36629    0   4
    274633    0   4
     60202    4   0
    199097    2   1
    106320    0   4
    269881    3   4
    155499    2   1
    225515    1   0
    283646    2   4
    144868    2   1
    215401    1   4
    115595    4   0
    168076    0   4
     33079    1   0
    153789    2   1
    286357    1   4
    166163    3   4
    291341    4   0
    117916    4   0
    279664    0   4
    117077    0   4
    150949    4   0
    287140    0   4
    278929    0   4
    223251    0   1
    225446    1   2
    118927    4   0
    158346    2   0
    288549    0   4
     51732    4   0
    142536    2   1
    161284    2   1
    236168    1   0
    275367    0   4
    142611    2   1
    284294    0   4
    104394    4   0
    165988    1   0
    152439    0   1
    238087    1   0
    141538    2   0
    159397    1   0
    150588    2   0
    156774    4   0
    169793    4   0
     56901    0   4
    165112    1   0
    277842    0   4
    204184    4   0
     58405    1   0
    158780    0   1
    223109    2   1
     51205    1   0
    205569    4   0
    233128    2   0
    161896    1   0
    276626    2   4
    110484    4   0
    232329    0   2
     60571    4   0
    288444    3   4
    165287    2   1
    284867    0   4
    291950    0   4
    182770    4   0
    148038    1   0
     74450    0   4
    275061    1   4
    241887    1   0
    282004    0   4
    288058    4   0
    242373    1   0
    269653    1   4
    164694    2   4
    178213    0   4
    159665    0   1
     25479    1   0
    156892    0   1
     44625    0   4
     52358    4   0
    204677    2   4
    172226    4   0
     36144    3   4
    142939    4   0
     93516    3   4
    241787    0   1
    274622    0   4
    144596    0   2
    279028    1   4
    143047    2   1
    264524    2   4
     24319    1   0
     60374    4   0
     18774    4   0
     93627    4   0
    156277    4   2
    164731    3   4
    278361    3   4
    211241    3   4
     63400    0   4
     31092    4   0
    289375    1   0
    276825    3   4
    265496    1   0
    142218    2   1
    202909    2   4
    291985    4   0
    113519    2   4
    223897    3   4
    161944    2   1
    169565    4   1
    224315    1   0
    286386    0   4
     35189    3   0
    266877    0   4
    240385    1   0
    267539    0   4
     34312    2   4
    265596    4   0
    282793    2   4
    290693    3   4
    151837    1   2
    150813    0   1
     61046    0   4
    159720    4   0
    208498    3   4
    223434    2   1
    240338    0   1
    279056    1   4
    163575    0   1
    267597    1   4
    235633    1   0
    287341    2   4
    280436    1   4
    155179    2   0
    147820    4   2
    269723    4   0
    185087    1   4
    288487    0   4
    197355    0   4
    288447    1   4
     52989    0   4
    224535    2   0
    108712    4   0
     10163    4   0
    158488    1   0
    276202    0   4
    145030    1   0
    288555    4   0
    196683    0   4
    280636    4   0
    149004    2   0
    290806    3   0
    284201    0   4
    151922    0   2
    207032    3   0
    193180    1   0
    276031    3   4
     66796    0   4
    209841    1   4
    165860    2   4
    282368    1   0
    227726    1   0
    290441    0   4
    282038    0   4
    150560    4   0
     19180    0   1
    290557    4   0
    147140    1   2
    291632    1   0
    264951    4   0
    232749    0   2
    277998    1   4
    231350    2   0
     77084    0   4
    233634    1   0
    242261    2   0
    153234    2   0
    178796    0   4
    157965    2   1
    163170    2   4
     53693    0   4
     60802    4   0
     10511    1   0
    221515    0   4
    145003    0   1
    237119    2   0
    277458    2   4
    266807    0   4
    277721    3   4
    284762    0   4
    164979    1   0
      9963    0   1
    147645    4   0
    226062    1   0
    283907    0   4
     16935    1   2
    289005    2   4
    183922    4   0
    185605    1   0
    226837    1   0
    286667    1   4
     74595    3   4
     34475    3   4
    180770    1   0
    156365    1   0
    146441    0   1
    274521    0   4
    193776    0   4
    291402    4   0
    281115    1   4
    147826    4   0
    232787    1   0
    232812    2   0
    285796    0   4
    274733    0   4
     55582    4   0
    290443    0   4
    197451    0   4
    161718    0   1
     61951    0   4
    183422    0   4
    286660    1   0
    181367    4   1
    215708    4   0
     53123    0   4
     76881    0   4
    140514    1   2
     56005    4   0
    161535    2   1
      3481    3   4
    206075    1   4
    164837    4   0
    114316    1   0
     46701    3   4
    281103    2   4
    201675    4   0
    265222    4   0
    234150    4   0
    158575    0   1
    268019    1   0
    275323    4   0
     51871    0   4
    198218    0   4
    279553    1   4
     17541    1   4
    213212    3   2
    154664    2   4
    140416    2   0
    214140    1   2
    161325    1   0
    154765    2   1
    140279    0   4
    224601    0   2
     53191    4   0
     59344    0   4
    270020    0   4
    289487    2   4
    162182    0   1
    289399    2   4
    280929    0   4
    283098    4   0
    284708    2   4
    105120    1   3
    233912    1   0
    151817    0   1
    231030    1   0
    154565    1   0
    200442    1   2
    287634    0   4
    209722    2   1
    165814    4   2
    142036    4   0
     59022    0   4
    213012    4   0
    231506    2   0
    206323    0   4
    141409    0   1
    275171    1   0
    163856    1   0
    232438    1   0
     62064    0   4
     84875    4   0
    145924    1   0
    275281    0   4
    203319    0   4
    182232    4   0
    271348    0   4
    276249    1   0
     22186    2   4
    182094    0   4
     51207    1   0
    184725    0   4
    145457    1   0
    225099    0   2
     54765    4   0
    283357    3   4
     24634    0   1
    277198    1   4
     24508    0   4
    239670    2   0
    160275    1   0
    289738    0   4
    111374    2   4
    231302    1   0
    291284    4   0
    145509    0   4
    279817    0   4
    195486    3   4
    149991    4   0
    144977    4   2
    230022    1   0
    288510    1   4
    159053    4   0
    162663    4   0
     19329    4   0
    159137    1   0
    290496    4   0
    282093    3   4
    274841    2   4
    228095    2   1
     10182    1   0
    154231    2   1
    286867    0   4
     81798    3   4
    152572    3   4
    277487    1   4
     85461    1   0
    289472    3   4
    206848    0   4
    149316    1   0
     63812    4   0
    281862    2   4
     60872    0   4
    150745    0   1
    204188    4   0
    148651    1   0
    281347    4   0
    212609    4   0
      8305    4   0
    290850    1   4
    114065    3   4
    276634    1   0
    237454    2   0
    287045    0   4
    274438    2   4
    161974    1   0
    201153    4   0
    150339    2   0
    280330    1   4
    154672    1   0
    175091    1   0
     56357    4   0
    288332    2   4
      6756    4   0
    140952    4   0
    281118    4   0
    277665    2   4
    151614    4   0
    198773    0   4
    289506    0   4
    153153    1   0
    164604    0   1
    276402    3   4
     71913    1   0
    142896    0   4
     84740    0   4
    277266    0   4
     57310    4   0
    147367    3   4
    238616    1   2
    277304    0   4
    205256    4   0
    280683    0   4
    157029    1   0
    274428    2   4
    274843    3   4
     59158    4   0
    150212    1   0
    201278    4   0
    166887    1   0
     21658    1   0
    228113    0   1
    226343    1   0
    289901    0   4
    154427    1   2
    281496    0   4
     11187    4   0
     65583    1   4
    284781    0   4
    284129    4   0
    152897    4   2
    145867    2   4
    277859    0   4
    238554    1   0
     20078    0   1
    117891    3   4
    170920    4   0
    154339    1   2
    154921    0   4
     79696    2   4
    277600    0   4
    165046    0   1
    286703    1   4
     79255    0   4
     66439    0   4
    147411    2   0
    227982    1   0
    164634    1   0
    289725    2   4
    286590    2   0
    287827    4   0
    223285    2   0
    223281    1   0
    151122    1   2
    227415    0   1
    287213    3   4
     55400    2   0
    121822    4   0
    242641    0   2
    275706    4   0
    274866    3   4
    162570    1   0
    146587    0   4
     94326    3   4
    286595    0   4
    289114    1   0
    276823    3   4
    197809    3   4
    270015    2   0
    276357    4   0
    281100    3   4
    224707    1   0
     87103    0   1
    103164    4   0
    160650    1   0
    156928    3   1
    276374    0   4
    291967    0   4
    290978    4   0
    276150    2   4
    286323    0   4
    285276    2   4
    230543    0   1
    144998    2   0
    105491    0   4
     20033    0   1
    277422    1   4
    144322    2   1
     94239    1   0
    194056    3   0
    159363    1   0
    157516    2   0
    274983    0   4
     23738    1   0
    279621    3   0
     21631    0   4
    195592    4   0
    284247    4   0
    159285    0   1
    174085    1   0
    279895    0   4
     24463    1   0
    275435    1   4
    283448    1   4
    278603    0   4
    288705    0   4
    156030    4   0
    159744    1   0
    146306    2   1
    225345    1   0
    278890    1   4
    241492    2   0
    147583    0   1
    242361    3   0
     54174    1   4
     16154    1   0
    104218    4   0
     59160    0   4
    147001    1   0
    276745    1   4
    287748    1   4
    281868    4   0
    153170    1   0
    159867    3   4
    277162    1   4
    144483    2   1
     24249    0   1
    227800    2   0
    264736    1   4
    283166    4   0
     62159    0   4
     26238    2   4
    163182    2   1
    140370    4   0
    222415    3   4
     21538    4   1
    224187    0   2
    146649    0   1
    158100    0   1
    148950    2   1
    280505    0   4
    231875    2   0
    286344    1   0
    240848    1   0
     39987    4   0
    202470    1   4
    275961    0   4
    229941    1   0
    152290    1   4
    206499    0   4
    238449    4   0
    290169    0   4
    147690    2   1
    198682    0   4
    156965    0   1
    154124    4   0
    151068    2   1
    288063    4   0
    278755    0   4
    278786    0   4
    156773    4   2
    148361    0   1
     54057    4   0
    272155    0   4
    287901    0   4
    288627    4   0
    161708    0   1
    281150    0   4
    164660    2   4
     59536    4   0
     85603    1   0
    206089    1   0
     53738    0   4
    144055    0   1
    226472    2   0
    205786    4   0
    143309    0   1
    148960    2   1
    198171    0   4
      3755    2   0
    291187    0   4
    176077    4   1
    265490    4   0
     24031    0   1
    241712    1   0
    236276    4   0
    225688    1   0
    148615    0   2
    213663    4   0
    147149    2   1
    280996    0   4
    242457    1   0
     56652    1   0
    284970    0   4
    116742    3   4
    287416    3   4
    152748    2   1
    162791    0   1
    164470    1   0
    141429    2   0
      9726    2   4
    225123    2   0
    260735    4   0
    276706    1   4
    281032    1   4
    203200    0   4
    286343    0   4
    291941    1   0
    264810    4   0
    276417    2   4
     53648    0   4
    149166    2   1
    201829    4   0
    232202    2   0
     26235    0   1
    291569    3   4
    282003    2   4
    288542    4   0
    230809    2   0
    285814    1   4
    230295    2   0
    274756    0   4
    225978    1   0
    291547    1   4
    215955    4   0
    272181    4   0
    226287    2   1
     47410    4   0
     18777    0   4
    280008    0   4
    160423    1   2
    224779    2   0
    230868    1   0
    165309    3   1
     96872    0   4
    147187    3   4
    279847    1   0
    264627    1   4
      9799    4   0
    284523    4   0
     41743    4   0
    278874    1   4
    144709    2   1
    278580    2   1
     58073    0   4
    235317    1   0
    290183    1   0
    200195    1   0
    283923    1   0
    158018    4   0
    233627    2   0
    289652    0   4
    205709    4   0
     87064    4   0
    290527    0   4
    285982    0   4
    156083    4   0
    265345    0   1
     51943    0   4
    153990    2   1
    285416    2   0
    210837    3   4
    200255    0   4
    143312    2   0
    215635    0   4
    275142    0   4
     62741    4   0
    180712    1   0
     61845    4   0
    229822    1   0
    154691    4   2
     89297    0   4
    281158    1   0
     11109    4   0
    117095    4   0
     58300    0   4
    238615    1   0
    155801    2   4
    224045    1   0
     74455    3   4
    153068    1   2
    287554    3   0
     79453    4   0
     19606    2   4
    145162    1   0
    229143    1   0
    212698    4   0
    155150    2   1
    226414    0   1
    271020    4   0
     28209    1   0
    144626    1   0
    291435    1   4
    287746    2   4
    148926    2   0
    289895    3   4
    144552    2   1
    196877    0   4
    198717    4   0
     94118    4   0
    237014    0   2
    226389    1   0
    277737    0   4
    146859    0   1
    227970    0   1
    241803    1   0
    104032    4   0
     16436    1   0
     61351    0   4
    173324    4   0
    154019    1   0
    285972    1   4
     27372    1   0
    160067    1   0
    142999    3   0
    270042    0   4
    162939    2   1
    164009    1   2
    198727    4   0
     83719    2   4
    184068    0   4
     19753    0   4
    152975    1   0
    160993    0   4
     17997    4   0
    199187    0   4
    215143    0   4
    237207    2   0
    211206    1   4
    277097    1   0
    226964    1   0
    166178    4   0
    154021    2   0
    145918    0   1
    194808    4   0
    231108    2   0
       624    0   4
    284482    0   4
    282698    0   4
    159343    0   1
    219826    4   0
    161620    4   0
    279395    4   0
     58834    4   0
     78324    3   4
    224261    1   0
     10754    4   0
    236862    2   0
    156021    2   1
      7971    3   0
    110240    1   4
    156704    1   0
    150975    2   0
    284985    3   4
     18670    1   0
     24596    1   0
    277271    1   4
     14008    4   0
     58533    0   4
    208170    0   4
    289881    0   4
    235451    2   0
    206587    4   0
     54781    4   0
    266183    4   0
    143304    2   1
    161693    3   4
    142501    2   1
    277479    1   4
    157867    1   2
    163422    1   0
    225943    2   0
    174648    4   0
    183443    0   4
    150454    2   0
    236575    1   0
     78734    3   4
    287262    4   0
    198538    3   4
    146922    4   0
    265082    1   0
    194843    4   0
     54229    0   4
    142168    1   0
    240732    1   0
    283200    0   4
    224093    1   0
    126566    2   4
     69789    3   0
    240250    2   0
    227536    1   2
     56962    0   4
    282942    1   4
    290182    4   0
    234889    2   0
     65317    0   4
    237520    1   0
    167058    2   1
    224252    2   0
    147992    0   1
    152441    1   0
    150219    4   2
      1989    0   4
     56061    4   0
    166590    0   4
    286106    0   4
    289585    4   0
    185216    4   0
     49584    2   0
    282060    2   4
    285129    3   4
    150449    3   0
    196323    0   4
    278185    2   4
    276812    0   4
     22996    1   0
    144828    1   0
    105709    3   4
     92073    0   4
    199985    4   0
     50768    1   0
    291848    1   4
    158023    2   1
    146015    2   1
    187294    1   0
    265841    4   0
    155361    3   4
    164149    2   0
    191274    4   1
    281680    0   4
    199807    0   4
    142095    2   1
    272458    1   0
    278868    0   4
    279709    0   4
    153994    2   1
     78630    1   0
    288610    3   0
     52545    0   4
    144612    0   1
     63363    4   0
    145686    0   1
    284512    4   0
    163839    1   0
    226843    1   0
    146516    0   1
    279221    0   4
    187194    0   4
    172586    4   0
    143552    4   0
    222125    2   4
    291899    2   4
    290278    0   4
     15526    3   4
     43316    4   0
    281805    4   0
    150516    3   4
    182623    4   0
    290281    1   4
      6932    4   3
     56223    0   4
      9902    1   0
    155848    0   1
    210851    2   4
    146190    2   1
    284388    1   0
    142432    1   0
     51494    4   0
    286381    1   4
    151431    1   0
    277224    4   0
     92156    4   0
    228880    2   0
    154748    4   0
     40395    3   4
    275458    2   4
    236212    1   0
    225395    2   0
    215202    4   0
    242071    1   0
     33924    1   0
    285286    0   4
    285373    0   4
     22998    4   0
    181063    0   4
    203406    0   4
     37662    0   4
    202552    2   4
    269362    0   4
    280302    0   4
     81833    3   4
     14367    1   0
    291476    4   0
    286828    0   4
    194515    0   4
    226445    2   0
     85818    1   4
    152143    2   1
    144149    2   1
    228276    2   0
     17045    4   0
    148915    0   4
    290559    4   0
    229480    2   0
    142783    2   1
     14230    4   0
    223849    1   0
    170008    0   4
    267732    1   4
     65882    4   0
    161545    1   2
    291286    0   4
    267226    0   4
    169766    0   1
    210062    3   0
    284126    3   4
    145438    0   4
    105853    3   4
    178549    1   0
    202001    4   0
     49881    0   2
    291616    1   4
    239567    2   0
    189331    4   0
    290538    1   0
    288163    2   0
    277708    0   4
     60339    0   4
    238658    2   0
    226063    2   0
    142632    2   4
    206258    4   0
    277172    0   4
    164172    0   1
     45708    3   4
     87520    0   4
    277921    1   4
    146396    0   1
    176008    0   4
     87182    1   0
    235668    1   0
    154651    2   0
    143009    1   2
     10562    2   4
     11735    4   0
    156421    4   0
    276163    1   0
     90773    3   4
    288984    4   0
    223524    2   0
    154668    1   4
    156613    2   4
    210221    1   4
    147052    1   0
    161465    4   0
    278862    0   4
    267207    4   0
    157626    2   0
    147358    3   0
    106917    1   4
    168765    0   1
    281465    0   4
     12510    4   0
    228906    2   0
     84942    1   4
    164486    0   1
    156947    0   2
    275076    0   4
    284302    0   4
     42564    2   4
    232917    1   0
    161230    2   1
    182241    0   4
    196075    4   0
    265140    1   0
     57118    4   0
    150175    0   2
    207140    3   4
     56687    4   0
    174167    4   0
    235067    1   0
    286153    0   4
     34986    4   0
    287756    0   4
    156310    0   1
    155346    2   1
    225995    1   0
    232475    1   0
    284569    0   4
    140560    0   1
    198184    0   4
    147207    2   1
    289301    3   4
    198889    1   4
    229205    2   1
    277993    4   0
    163923    2   1
    165489    2   0
    210592    2   4
     77448    2   4
    288722    4   0
     76924    0   4
    283042    1   4
    279579    1   0
     62476    0   4
    154942    2   1
    216767    2   1
    267416    0   4
    196476    4   0
    238004    1   0
    158736    1   0
     16814    3   4
    286242    2   4
    122441    3   4
    213466    3   4
    279456    0   4
     10534    4   0
    273831    0   4
    290904    4   0
    159311    1   2
    160209    1   2
    272623    1   0
    274227    2   4
    281174    0   4
     80219    4   0
     50413    1   2
    281814    0   4
    146153    1   2
     50346    1   0
    189267    1   0
    195215    0   4
     12822    1   0
    279047    4   0
     49478    4   0
    284826    0   4
    166707    0   1
     50485    2   0
     57411    0   4
    157287    0   1
    277670    0   4
    283078    4   0
    278360    0   4
    155593    2   1
    142286    4   2
    157412    1   0
    290329    0   4
    279637    1   0
    186532    0   4
    284380    1   4
    281684    3   4
     25732    1   4
    159590    2   1
    220172    4   0
    289640    4   0
    166307    0   1
    173890    4   0
     36183    3   4
    169880    4   0
    233462    2   0
    214086    4   0
    115685    2   4
    289703    0   4
    153748    4   0
    147490    2   1
     13128    0   1
    287553    0   4
     51667    4   0
    273061    4   0
    143234    1   0
    199418    2   4
    268489    2   0
    213152    4   0
     77746    4   0
    144096    0   1
    190454    4   0
    197868    3   4
    278028    3   4
    286354    0   4
    151293    1   0
    177943    4   1
    141692    0   1
    147532    1   0
    160971    0   1
    282575    1   4
    162176    2   1
    149030    1   0
     53358    0   4
    116419    3   4
    280977    0   4
    237413    2   0
     15139    2   0
    271687    0   4
    280608    0   4
    285354    1   4
     55767    0   4
    281550    1   0
    276456    0   4
    163355    2   0
    216087    2   4
    286348    3   4
    280941    0   4
    280336    1   4
     61615    0   4
    105396    4   1
    279268    2   4
    242140    1   0
    277148    2   4
    286312    0   4
    197832    3   4
    274056    0   4
    291096    3   4
    105330    4   1
     52080    4   0
    195969    1   4
    194460    4   0
    200150    0   4
    146178    4   0
    291826    2   1
    163646    2   0
      6721    4   0
    290940    0   4
    228653    1   0
    227921    1   0
    169605    0   4
    161109    1   0
    142621    0   1
    288905    1   4
    282307    1   4
    239673    1   0
     77168    3   4
    279034    3   4
    164607    1   0
    285164    0   4
     43950    3   4
    274773    0   4
     19383    4   1
    158191    2   1
    282878    0   4
    146252    0   4
    144018    2   0
    194725    1   4
    286808    4   0
    108910    0   4
    283787    0   4
    285891    0   4
    274944    0   4
    175629    0   4
    242090    2   0
    267449    0   4
    285559    4   0
     58653    0   4
    166916    2   1
    226167    1   0
     63526    4   0
    225236    1   0
    281331    2   4
      8084    3   0
    151536    1   0
     61740    0   4
     49472    4   0
    283370    1   4
    276092    4   0
     33933    0   4
    151686    4   0
    235985    1   0
    275956    0   4
    163640    1   2
    141233    1   2
     30439    2   1
     69901    3   4
     27045    0   1
    280421    0   4
     19292    1   0
    266633    0   4
    141443    1   2
    282529    4   0
     21430    1   0
    280104    4   0
    282393    2   4
    284744    2   4
    143544    4   0
    146097    2   1
     15551    4   0
     51341    0   1
    220988    1   4
    154045    2   1
    141996    4   0
    238666    0   1
     66757    4   0
    165291    0   1
    289903    4   0
    287776    2   0
     36247    0   4
    283725    4   0
    178869    4   0
    141771    1   0
    226591    1   0
    226417    2   0
    289372    0   4
    290391    1   0
     74964    0   4
     41729    0   4
    151896    1   0
    267918    4   0
    147025    4   0
    223161    1   0
     35785    3   4
    184952    1   0
    164136    2   1
    225663    2   0
    234188    2   0
    159533    2   1
    277347    1   4
    194857    3   4
    291757    1   4
    142451    1   0
    142363    2   1
    281030    2   4
     76500    3   4
     64371    0   4
    281889    0   4
     49906    1   0
     98269    3   4
     96320    1   0
    148056    2   1
    248644    4   0
    280362    0   4
    254561    4   0
    280803    2   4
    148751    1   2
    233952    0   2
    277927    1   0
    150540    2   1
     74339    1   0
     17355    4   0
    285289    1   4
    274506    1   0
    240321    1   0
    273536    0   4
     29804    1   0
    204729    3   4
    155626    4   0
    140552    1   0
    277238    0   4
    282778    0   4
    232614    2   0
    214901    3   4
    277484    0   4
    229945    2   0
    285389    0   4
    161450    0   1
    142405    0   1
    287796    0   4
     27169    2   0
    290227    4   0
    222562    0   4
    282948    3   4
    282351    3   4
    235445    0   1
    158598    2   0
    211071    2   4
    291091    2   4
    153784    1   0
    237089    2   0
    289307    0   4
     37658    0   4
    199246    1   0
    192852    0   4
    274828    0   4
     28316    1   0
    290550    4   0
    150787    2   0
    291682    0   4
     58602    0   4
    227065    1   2
    223874    1   0
    145305    2   1
    283382    2   4
    122056    0   4
    149826    1   0
    166850    2   1
    161566    1   2
    231584    1   0
    286607    0   4
     71712    2   1
     46180    0   4
    288538    0   4
    151605    2   1
    237254    2   0
    167731    0   4
    284227    2   4
    148132    2   1
    165220    2   0
    284716    0   4
    287228    1   4
    200855    0   4
    194567    3   4
    237117    1   0
    290139    2   4
    159657    4   0
    283235    0   4
    142202    0   2
    236684    1   0
    142136    0   1
    280026    3   4
     10572    1   0
     61286    4   0
    276759    0   4
    165839    2   0
    150667    1   0
    266729    1   0
    145258    0   1
    141912    1   0
    267592    4   0
     37984    3   4
    209910    3   4
     58017    4   0
    274948    0   4
    288379    1   4
    278685    2   4
    242366    2   0
    214214    0   4
     19234    1   2
       902    3   0
    225036    1   0
    287176    0   4
     88254    0   4
    291521    2   4
     23597    1   0
    279800    0   4
     10433    2   0
    232551    2   0
    156635    0   1
     52196    0   1
    275928    0   1
    149563    2   4
    154776    2   1
    211806    2   4
    180557    4   0
    165972    4   1
    143738    1   0
    285045    0   4
    201701    0   4
     85812    4   0
     52005    0   4
    278368    1   4
    227242    0   2
    235271    1   0
    285206    1   0
    154987    2   0
    166680    2   1
    284315    1   4
    279358    2   4
    144086    4   1
    213553    3   0
    226875    1   0
    106808    3   4
    238566    1   0
     77143    0   4
    277833    0   4
     52401    4   0
    147934    2   1
    231318    1   0
    159215    2   1
     69677    1   0
    156023    2   4
    270989    1   4
    140561    1   2
     28149    1   0
    278435    1   4
    275257    3   4
    264639    1   4
    205236    1   0
    281089    3   4
    268033    2   0
    144071    4   0
     56866    0   4
    152719    4   1
    160057    2   1
    159443    2   1
    165553    2   1
    283223    1   4
     21536    1   0
    224663    2   0
     77815    3   4
    144263    0   1
    140315    4   0
    276736    4   0
     94126    3   0
    285158    0   4
    160529    0   1
    275274    0   4
    157063    2   1
    155313    2   1
     89223    1   0
    230602    2   0
    163162    4   2
       944    1   0
    159522    4   0
    288890    1   0
    281784    1   4
    163212    2   0
     55468    2   0
    280546    1   4
    285053    0   4
    219665    1   4
    148271    0   1
    226769    1   0
     35777    0   4
    288006    1   4
    164386    2   0
    242628    2   0
    289856    0   4
    273365    0   4
    141785    0   1
    199210    4   0
     36242    0   4
    266479    4   0
    141127    2   1
    171757    4   0
     17614    0   4
     51334    4   0
    205241    0   4
    141017    0   1
    236713    1   0
    265791    1   0
     18773    1   0
    264516    0   4
    225007    1   0
    261952    4   0
    281610    4   0
    285974    0   4
    223307    2   0
    235571    1   0
    276277    1   4
    282982    0   4
    287794    0   4
    282010    0   4
    278239    0   4
    153096    4   0
    199347    0   4
    190790    0   4
    288500    2   4
    288177    1   4
    269798    0   4
    247660    4   0
    289366    0   4
    168969    0   4
    289105    3   4
    148404    1   2
    281090    4   0
     24101    1   0
    142137    4   0
    238704    1   0
    235454    1   0
     34153    3   0
    289032    3   4
    231641    2   0
    156858    2   0
    174298    1   0
    187265    0   4
    276728    1   4
     53865    4   0
    142073    2   1
    155888    4   0
     61395    4   0
    237609    2   0
     53122    0   4
    194714    4   0
    271824    4   0
     63017    4   0
    148924    2   1
     59423    4   0
    277835    1   4
    229024    1   0
     35238    4   0
    159584    1   0
    283426    0   4
    289149    1   0
    282751    0   4
    285851    4   0
     18067    4   0
    237912    0   1
    276598    1   4
    202350    0   4
    232783    1   0
     57763    4   0
     26818    4   0
    179313    0   4
    144535    4   0
    155602    3   4
     85804    1   0
    174307    0   4
    270942    4   0
    143778    1   0
    239924    2   0
    278245    1   4
    172412    0   4
    262995    4   0
    121114    4   0
    143884    1   0
    159777    2   1
    281658    1   4
    165453    2   1
    149493    2   1
    229870    2   0
    287451    0   4
    168584    4   1
      9608    4   0
     79404    0   4
    164148    2   4
    210110    0   4
    189103    4   0
    222512    3   0
    290142    4   0
    267037    4   0
    154713    1   0
    288412    1   4
    165303    0   2
    153660    2   1
    152947    4   0
    164620    1   0
    145156    4   0
     23275    1   0
    159686    1   4
    233206    1   0
    285192    1   4
    158084    1   0
    288995    3   4
    283270    4   0
    232707    1   0
    291109    2   4
    289073    0   4
    291970    0   4
     78367    0   4
    198703    3   4
    284462    4   0
     16389    2   0
     10979    4   0
    146883    2   1
    275039    3   0
     80875    0   4
     68421    2   4
    272948    0   4
    203059    4   0
    140192    0   1
     50951    2   0
      8358    4   0
    197940    4   0
     16783    2   4
    205082    2   4
    223910    2   0
    225813    2   0
    140792    1   0
    160727    2   1
    283643    0   4
    164571    2   1
    224178    2   1
    235783    1   2
    228023    1   0
    201777    4   0
     40451    0   4
    280490    4   1
    115932    1   0
      8511    4   0
    156351    1   4
    148738    3   4
    271408    4   0
    270905    0   4
    204159    4   0
    178807    0   4
    227034    1   0
    157084    2   1
     49947    2   0
    157988    2   1
    234955    1   0
    104101    3   4
     37756    0   4
    170958    1   4
      7488    3   4
    212711    2   4
    159250    4   0
     25449    1   0
    279011    4   0
    154051    1   0
    197438    1   0
     50584    1   0
    281924    2   4
     85883    3   0
    275120    4   0
    141268    0   2
    225602    1   0
    202645    3   4
    281516    2   4
    223942    1   0
    227144    1   0
    285939    2   4
    234859    2   0
    284097    1   4
    200345    4   0
     11945    1   0
    277656    3   4
    214747    4   0
    229633    2   0
    290376    0   4
    156664    1   0
     53505    0   4
     24784    2   0
    206222    0   4
    194961    4   0
    192851    4   0
     53718    4   0
    275241    4   0
    164961    2   4
    289294    2   4
    195720    0   4
    237839    1   0
    268690    4   0
    200775    3   4
    241028    1   0
    269204    1   0
    148594    1   2
     21651    1   0
    147708    4   0
    282499    0   4
    190931    4   0
    150323    2   0
     54324    0   4
    268528    4   0
    276741    4   0
    287524    0   4
    163191    1   0
    282773    4   0
    227901    2   0
    142959    1   0
     53692    4   0
    228320    1   0
    231145    0   2
    268135    4   0
    288090    1   4
     20154    2   4
      9930    1   0
    232571    1   0
     10716    4   0
    274463    2   4
    234358    1   0
    275225    1   4
    284182    4   0
    198201    3   4
    276755    0   4
    287217    0   4
     78059    0   4
    283168    0   4
     62406    0   4
    158617    1   0
    161680    1   4
    283601    1   4
    278824    0   4
    286575    1   4
    284677    0   4
     44714    0   4
    284747    4   0
    146804    2   0
    275901    2   0
    228365    1   0
    204622    0   4
    239103    1   0
    253794    4   0
    280621    2   4
    224108    3   4
     12437    2   0
     61032    4   0
    145047    4   0
    230758    2   1
    237849    2   0
    167241    4   0
    200753    1   4
    236271    1   0
    287230    2   4
    283533    3   4
    110384    1   0
     77123    3   4
    167250    3   4
    147546    4   2
    230598    2   0
    284212    2   4
    201018    1   4
    162796    3   0
     85211    3   0
    242521    1   0
    278983    4   0
    229956    1   2
     85202    4   0
     52959    0   4
    121569    2   4
    146990    1   0
    145230    2   0
    144165    1   0
    203966    4   0
    194794    0   4
    150532    2   1
    145057    2   1
    266720    4   0
    173973    1   0
    279629    0   4
    286114    0   4
    172757    4   0
    179430    3   4
    282860    1   4
    175980    1   4
    155538    4   0
    170993    0   4
     54238    4   0
    174536    4   0
    207710    0   4
    282431    0   4
    220442    4   0
    276090    3   4
    266829    1   4
    209834    2   4
    158019    2   4
    223566    1   0
    284965    0   4
    141797    1   0
    285661    0   4
    285743    1   0
     51673    0   4
    152047    2   1
     19692    1   0
     27078    2   0
    143667    0   1
    140132    1   0
    267895    4   0
     74480    3   4
    224501    2   0
    155749    3   4
    272012    1   0
    166983    3   4
    168919    4   0
    276469    4   0
    280895    4   0
    291963    3   4
     94162    1   0
    213743    1   4
    201117    2   4
    288348    0   4
    157061    1   2
    242192    2   0
     10875    4   0
    157992    4   0
    285085    2   4
    169195    4   0
    159748    2   0
    233997    1   0
    144030    4   0
     50627    2   0
    216813    2   4
     88731    4   0
    148338    2   1
    223117    1   0
    166248    2   1
     83247    1   0
    282405    1   0
    160099    4   2
    235272    1   0
    207496    3   4
    162201    4   1
    260547    1   0
    107503    4   0
    285987    0   4
    232286    1   0
     74854    3   4
    287249    1   4
     84004    4   0
    288404    1   4
     76774    3   4
    269702    0   4
    236891    2   0
    140453    2   1
     20175    0   1
     57580    2   0
    266743    4   0
    151677    2   0
     39495    3   4
     23767    4   2
    284240    0   4
    271589    0   4
    291916    0   4
    285395    4   0
    233750    1   0
    227177    0   2
    160885    1   0
    153996    2   1
    284979    4   0
    224399    1   0
    140468    0   1
    282097    0   4
    291469    4   0
    148303    0   1
    167308    1   0
    165670    0   4
    264969    0   4
     44904    2   4
    207112    4   0
    143743    4   2
      4900    2   4
    206347    4   0
    279798    0   4
    280918    0   4
    156515    3   4
    279504    0   4
    198425    3   4
    149977    4   1
    230869    2   0
    169638    0   4
    225276    1   0
     75899    2   4
     91656    4   0
    233351    1   0
     54160    0   4
    155503    0   4
     75400    1   0
    176278    0   4
     38339    0   4
    140576    0   1
    164332    0   4
    162011    0   4
    140660    0   4
    153207    2   0
    238562    2   0
    201694    4   0
     78117    0   4
     61872    0   4
     79907    2   4
     56220    4   0
    229719    1   0
    162612    2   0
    177435    4   0
    287025    2   4
    189234    0   1
    151100    0   1
    291335    4   0
    267774    4   0
    264893    4   0
     55756    0   4
    156470    1   2
    164363    2   1
    284171    4   0
    168161    0   4
    161786    2   1
    269862    4   0
    146195    3   4
    142328    1   0
    264009    2   4
    291455    1   4
    273078    4   0
    282387    3   0
    169188    0   4
    224281    2   1
    288573    1   4
     33300    1   0
    284450    4   0
    235781    1   0
     82435    2   4
    241361    1   0
    162216    2   1
     56115    0   4
    275494    1   0
    281034    2   4
    240246    2   0
    278942    4   0
    153210    0   1
    153235    1   0
    180316    0   4
    156972    4   2
    158847    2   1
    162298    2   4
     25081    1   2
    156693    2   1
     32044    0   1
    232665    1   0
    156821    2   1
    288993    4   0
    150769    2   0
    271629    2   4
     62092    4   0
    158619    0   1
    287376    0   4
    151540    2   1
    148704    0   1
    263914    4   0
    181760    4   0
    284703    0   4
    281902    0   4
    211884    3   4
    144079    2   0
    224749    2   0
    190167    4   0
     25906    1   0
    141658    2   0
    162452    2   4
     22001    0   1
    140500    4   1
     12847    1   2
     40178    1   4
     57236    4   0
    205906    4   0
    285417    0   4
    286720    0   4
    103596    1   0
     20012    1   0
    290648    2   4
    267657    2   1
    147453    0   1
    290425    0   4
    144771    4   0
    156899    2   1
    151516    1   0
    192025    0   4
    281238    1   4
