  185904   26  16
  198131   11  10
   25545   21  22
  227907   25   8
   21885   21  24
  266985   10  11
  266458   10  11
  194533   11  10
  120377   12  25
  226861   25   8
  199593   11  10
  259746    8  25
  119282   12  25
  193936   11  10
  264471   10  11
  196203   11  14
  204183   11  10
  181302   26  22
  245072    8  12
  273849   10  11
  196773   11  27
   81206    7  27
   49353   20  14
  248426    8  25
  271882   10  11
  122868   12   8
  196544   11  10
  248040    8  25
  196377   11  10
  272451   10  11
  256034    8  25
   25627   21  22
  260380    8   5
  273600   10  27
  267402   10  11
  250179    8  25
  194500   11  27
  255914    8  25
  200797   11  10
  198546   11  10
  229728   25   8
  269187   10  11
   26150   21  27
  204714   11  10
  265752   10  11
  233687   25   8
  203610   11  10
  225318   25   8
   19618   21  22
  232794   25   8
  273982   10  11
   62401   22  21
  195918   11  10
  268296   10  11
  193895   11  10
  202091   11  10
  200543   11  10
  270221   10  11
  201362   11  10
  264818   10  11
  205385   11  10
  200823   11  10
  258173    8  25
   44114   24  27
  196991   11  10
   12400   18   5
  194557   11  10
  272461   10  11
  194855   11  10
  195725   11  10
  241196   25  12
  235823   25   8
  270430   10  11
  268910   10  27
  270664   10  11
  232106   25   8
  249634    8  25
   21901   21  26
  227426   25   8
  194269   11  10
  117213   12  25
  250850    8  25
  231218   25   8
  223424   25   8
  203480   11  10
  230185   25   8
  202727   11  10
  194298   11   7
      59   13   2
  196554   11  10
  248306    8  25
  198700   11  10
  267100   10  11
   50288    3   6
  234996   25   8
  212799   27   7
  265014   10  11
   59548   22  21
  202203   11  10
  265718   10  11
    6549    2  13
  164681   16  24
  202509   11  10
  124539   12   8
   10564   18  13
  201131   11  10
  241657   25   8
  272740   10  11
  237120   25   8
  266878   10  11
  273905   10  11
   16937   18  19
   55037   22  21
   69887    5  25
  264098   10  11
  273405   10  11
  231319   25   8
  267035   10  11
  270333   10  11
  238780   25   8
  204298   11  10
   73128    5   8
  203150   11  10
   72336    5  12
  197908   11  10
  259263    8  25
  205522   11  10
  114013   12   8
   23162   21  22
  251241    8  25
  246271    8  25
  266193   10  11
  271957   10  11
    4690    6   3
  267482   10  11
  211098   27  24
  212576   27  10
  228134   25   8
  227832   25  12
  238476   25   8
   23304   21  22
  116547   12  25
  206440   11  10
  240177   25   8
  200490   11  10
  266635   10  11
   48622   20  14
  118237   12   8
  264000   10  11
  273920   10  11
  204989   11  10
   48748   20  14
  226116   25   8
  259910    8  25
  253035    8  12
  195060   11  10
  274406   10  27
  266106   10  11
   68165   22  26
  251288    8  25
  196130   11  10
  265053   10  11
  236461   25   8
  106528    1  13
  260140    8  25
    8477   23  13
  271933   10  11
    3667    6  17
   55023   22  21
  243366    8  25
  187092   26  22
  267850   10  11
  267494   10  11
  233530   25   8
  201632   11  10
  237675   25   8
  194236   11  10
  266371   10  11
  239895   25   8
  229338   25   8
    7022    2  23
  270126   10  11
  193817   11  10
  264523   10  11
  196211   11  10
  228236   25  12
  223140   25  12
  254190    8  25
  253580    8  25
  175481   26  21
  201231   11  10
   21539   21  22
  123261   12  25
  269348   10   7
  234967   25  12
  201259   11  10
   42633   24  27
  110599   12   8
  227734   25   8
  201365   11  10
  176160   26  21
  225006   25   8
  201592   11  10
  239618   25   5
  264687   10  11
  271181   10  11
  267073   10  11
     656   13   7
  199217   11  10
  116199   12   5
  270793   10  11
  197140   11  10
  252516    8  25
  203114   11  10
  248031    8  25
  215624   19  18
  249526    8  12
  266774   10  24
  196240   11  10
  210784   27  24
  237285   25   8
  200558   11  10
  266102   10  11
  210735   27   6
  269886   10  11
  268328   10  11
  271365   10  11
  270435   10  11
  195625   11  10
  251817    8  25
  249200    8  25
  264765   10  11
  268372   10  14
  271245   10  11
  265924   10  11
  264403   10  11
  197713   11  10
  228117   25  12
  272226   10  11
  268885   10  11
  237793   25   8
  209165    9   7
    8201   23   2
  224078   25   8
  212824   27  24
  229808   25   8
  273114   10  11
  104183    1   9
  198871   11  10
  259182    8  25
  247452    8  25
  249795    8  25
  226455   25   8
  249164    8  25
  254874    8  12
  273677   10  11
  274334   10  11
  266475   10  11
  198688   11  10
  203106   11  10
   12546   18  25
  258658    8  25
  251015    8  25
  267758   10  11
   25169   21  22
  257020    8  25
   28323   21  26
  261331    8  25
   22177   21  22
  270260   10  11
  228168   25   8
  268455   10  11
     501   13   7
  196836   11  10
  266704   10  27
  224134   25   8
   27436   21  22
  198999   11  10
  230750   25   8
  107370    1   9
   36488   24   2
  259829    8  25
  203003   11  10
  264313   10  11
  203248   11  10
  230357   25   8
  252321    8  25
  202005   11  10
  267319   10  11
  264262   10   7
  272217   10  11
  167886   26  22
  251998    8  25
  265653   10  11
  231762   25   8
  234398   25   8
   71077    5  25
  198695   11  10
  117112   12   8
    3883    6   3
  196680   11  10
   25245   21  24
  233495   25   8
  194256   11  10
  232192   25  12
  198167   11  10
   77381    7  27
    3678    6  27
   27641   21  26
  239272   25   8
  185657   26  22
  224442   25   8
  193806   11  10
   70423    5  25
  169687   26  24
  111890   12   8
  197462   11  10
  196426   11  10
  210650   27  11
  271452   10  11
  227321   25   8
  225752   25   8
  264929   10  24
  265607   10  11
  207298    9   1
  225869   25   8
  269675   10  11
  206685   11  10
  256512    8  25
  233927   25   8
  108838    1  13
  232897   25   8
  271421   10  27
  264660   10  11
  231866   25   8
  244708    8  25
  223770   25  12
  227475   25   8
  230095   25  12
  110076   12  25
  197604   11  10
  198651   11  10
  257120    8  25
   20746   21  26
  114611   12   8
  268382   10  11
  251351    8  25
  197842   11  10
  204300   11  10
  206197   11  10
  267113   10  11
  209136    9   1
  153355   16  27
  231060   25  12
  118802   12   8
  193901   11  10
  178836   26  16
  240555   25   8
  198361   11  10
  199071   11  10
  203217   11  10
  141029   16  22
  249971    8  25
  253729    8  25
  226319   25  12
  205731   11  10
  205419   11  10
  274199   10  11
  238539   25   8
  110089   12  25
  119709   12  25
  232050   25  18
  192539   26  22
    9982   18   5
  264980   10  11
  266936   10  11
   73735    5   8
  205767   11  10
  266473   10  11
      22   13   7
  269023   10  11
  267101   10  24
  112178   12  25
  264064   10  11
  201500   11  10
  243004    8  25
  265867   10  11
  199693   11  10
    6300    2  13
  267044   10  11
  270799   10  11
  226980   25   8
  205737   11  10
  274001   10  11
  204948   11  10
  262066    8  25
  196555   11  10
  266896   10  11
  206262   11  10
  194561   11  10
  257411    8  25
  266794   10  11
  203109   11  10
  203278   11  10
  242647   25   8
  228820   25   8
  121209   12  25
  266852   10  11
  270460   10  11
  247383    8  25
  253675    8  25
  148496   16  24
  267511   10  21
   50011    3  21
  237111   25   8
  204469   11  10
  248060    8  25
  273150   10  11
  227547   25   8
  273499   10  11
  194262   11  10
  267926   10  11
  270563   10  11
  265349   10  11
  246338    8  25
  202020   11  10
  264522   10  11
  248298    8  25
  110787   12   8
  232762   25   8
  230036   25   8
  242278   25   8
  273790   10  11
  232679   25   8
  167455   26  24
  204676   11  10
  205338   11  10
  259160    8  25
  243249    8  25
  266658   10  24
   61371   22  26
  194416   11  27
  271848   10  11
  257227    8  25
  195514   11  10
    2071   13   7
  267251   10  11
  201273   11  10
  252976    8  25
  262859    8  25
  198914   11  10
  198936   11  10
     761   13  10
  268673   10  11
  232224   25   8
  273049   10  11
  210841   27  24
  186399   26  24
    4865    6   3
  230737   25   8
  230099   25  12
  247463    8  25
  224262   25   8
  269708   10  11
  195611   11  27
  247567    8  25
   70540    5  12
  269926   10  11
  270319   10  11
   41571   24  27
  197516   11  10
  223262   25  18
  263478    8  25
  117565   12   8
  240995   25   8
  203765   11  27
  260548    8  25
  203257   11  10
  199085   11  10
  272661   10  11
  264938   10  11
  233259   25   8
  198394   11  10
  230123   25   8
  235458   25   8
  261753    8  25
  203286   11  10
    3729    6  24
  241253   25   8
  201895   11  10
  249441    8  25
  270760   10  11
  230757   25   8
  269622   10  11
  269312   10  11
  194225   11  10
  206533   11  10
   60087   22  26
  244870    8  25
  265985   10  21
  196523   11  10
  193892   11  10
  274329   10  11
  272428   10  11
   70978    5  12
  244212    8  25
  229018   25  12
  119012   12   8
  244568    8  25
  232222   25   8
  271544   10  11
  203489   11  10
  224122   25   8
  197482   11  10
   23042   21  22
     343   13   7
  231486   25   8
  274348   10  11
  243734    8  25
  202411   11  10
  198941   11  10
  249938    8  25
  265406   10  11
  223939   25   8
  210741   27   7
    7097    2  19
  268083   10  11
   77182    7  11
  265469   10  11
  202409   11  10
  253361    8  25
  269938   10  11
  241915   25   8
  263007    8  25
  203067   11  10
   37921   24  26
  243465    8  25
  249143    8  25
  225406   25   8
  267569   10  11
  237755   25   8
  201942   11  10
   88323    4  23
  224944   25  12
  228558   25   8
  195906   11  10
  234502   25   8
  228413   25   8
  124713   12  25
  228578   25   8
  241625   25   8
  196518   11  10
  238314   25   8
  234546   25   8
     896   13   2
  227305   25   8
  235196   25   8
  270928   10  11
  195367   11  10
  261386    8   5
    1552   13   2
  267876   10  11
  230408   25   8
  225125   25   8
    2529   13   2
  250868    8  25
  205725   11  10
  199968   11  10
  239262   25   5
  266478   10  11
  232752   25   8
  201469   11  10
  199783   11  10
  231745   25  12
  223211   25   8
  268122   10  11
  268694   10  11
  196343   11  10
  234941   25   8
  115842   12   8
  195042   11  10
  225756   25   8
  255770    8  25
  206031   11  10
   26019   21  22
  229474   25  12
  235084   25   8
  231879   25   8
  200785   11  10
  199467   11  10
  209977   27  24
   49933    3   6
  247786    8  25
  239405   25   8
  200618   11  10
  202897   11  10
  246433    8  25
  235015   25   8
  195353   11  10
  214704   19  18
  253042    8  25
  259173    8  18
  226559   25   8
  266628   10  11
    3993    6   3
  260636    8  25
  265142   10  11
  261371    8  12
  206319   11  27
  251908    8  25
  223823   25  12
  211751   27  24
   18351   18   8
  239381   25   8
  271180   10  11
  262611    8  25
  268068   10  11
  257004    8  25
  229128   25  18
  256990    8  12
  272787   10  11
  203664   11  10
  199333   11  10
   49208   20  14
  264899   10  11
  231308   25   8
  261353    8  25
  270549   10  11
  199849   11  10
  264013   10  11
  253356    8  25
  271328   10  11
  197273   11  10
  251673    8  25
   48562   20   3
  269133   10  11
  230774   25   8
  252510    8  12
  266681   10  11
  245833    8  25
   24368   21  22
  205017   11  10
  267523   10  11
  256362    8  25
   53432   22  21
  194635   11  10
  264566   10  11
  193701   11  10
  230599   25   8
  250681    8  25
  193752   11  10
  201924   11  10
  115823   12  25
  225306   25  12
  273294   10  11
  224250   25   8
  267810   10  11
  240680   25   8
    6321    2  13
  266963   10  11
  195179   11  10
  244660    8  12
  271296   10  11
  270893   10  27
  235565   25   8
  199397   11  10
  243289    8  25
  198039   11  10
  227762   25  12
  230141   25  12
  267740   10  11
  193841   11  27
  229406   25  12
  263321    8  25
  228229   25   8
   55316   22  21
  230157   25   8
  268859   10  11
  237150   25  12
  273112   10  11
  267952   10  11
  236831   25   8
    7451    2  27
  267672   10  11
  107698    1  24
  198105   11  27
  265776   10  11
  203408   11  10
  194542   11  10
  111007   12   8
  230641   25   8
   20064   21  22
  251159    8  25
  202421   11  10
  269764   10  26
  248215    8  25
  107468    1  13
  228108   25   8
  238781   25   8
  269659   10  11
   76915    7   6
  140203   16  24
  204118   11  10
  259580    8  25
  151524   16  24
  243272    8  25
  261867    8  12
  224177   25   8
  198273   11  10
  241743   25  12
  242700   25   8
  126206   12  25
  159745   16  21
  194959   11  10
  230820   25   8
  204998   11  10
  228442   25  12
  251225    8  25
  194244   11  10
  246709    8  25
  265749   10  11
  249662    8  25
  196571   11  10
  272800   10  11
  225445   25   8
  194526   11  10
  251915    8  25
  255738    8  25
  224962   25   8
  239329   25   8
  273948   10  11
   33018   21  22
  259479    8  27
  268861   10  11
  213305   27  10
  202338   11  10
  274156   10  11
  265227   10   7
  235203   25   8
  274164   10  11
  234176   25   8
  230671   25   8
  235278   25   8
  269372   10  11
  273381   10  11
  260533    8  12
  264151   10  11
  265680   10  11
  270841   10  26
  226274   25  12
  273554   10  11
  268781   10  11
   84898    4   2
  230389   25   8
  261254    8  25
  201149   11  10
  197085   11  10
  254157    8  12
  260760    8  25
  200975   11  10
  233513   25   8
  238924   25   8
  267030   10  11
  258856    8  25
  246456    8  25
  259555    8  25
  267180   10  11
  270531   10  11
  265611   10  11
  264359   10  11
  231881   25  18
  287803   15  22
   62522   22  21
  272017   10  11
  196839   11  10
  268548   10  11
  197169   11  10
  203847   11  10
  110705   12   8
  242877    8  25
  227910   25   8
  244695    8  25
  228468   25   8
  201423   11  10
   48977   20  15
  273334   10  24
  270027   10  27
  178749   26  24
   22009   21  22
  224404   25   8
   72185    5  12
  202657   11  10
  248764    8  25
  196328   11  10
  199944   11  10
  269265   10  11
  198540   11  10
  227727   25  12
  251259    8  25
  244714    8  25
  204440   11  10
  106119    1  13
  239586   25   8
  270471   10  11
  266181   10  11
  175433   26  21
  193905   11  10
  264609   10  11
  222492   14  13
  231253   25   8
  226275   25   8
   30030   21  22
  235593   25   8
   60817   22   8
  249814    8  12
  272309   10  11
  121713   12   8
  270086   10  11
  270141   10  11
  241176   25   8
  265430   10  11
  231919   25   8
  270610   10  11
   63988   22  27
  196388   11  10
  208943    9   7
  235199   25   8
  164121   16  10
  200966   11  10
  198062   11  10
  112674   12   8
  249375    8  25
   16172   18  19
  230986   25   8
  271321   10  11
  268448   10  11
  201507   11  27
  231808   25   8
  254857    8  25
  231627   25   8
  242672   25   8
   70775    5   8
    1501   13   1
  270835   10  11
  236564   25   8
  105852    1   2
  223769   25   8
  230271   25  12
  232937   25   8
  265408   10  11
  194701   11  10
  202200   11  10
  197672   11  10
  111070   12  25
  235177   25   8
  155425   16  24
  236132   25   8
  253570    8  16
  111670   12   8
  234615   25   8
  206328   11  10
  267502   10  11
  229311   25   8
  235037   25   8
  257141    8  25
  266306   10  11
  205672   11  10
  198358   11  10
  272326   10  11
  109946   12  25
  267425   10  11
  264799   10  11
  242693   25   8
   64368   22  17
  205465   11  10
  197291   11  10
  246848    8  25
    6291    2  13
  202586   11  10
  267962   10  11
  238793   25   8
  168729   26  24
  252876    8  25
  247146    8  25
  266913   10  11
  194636   11  10
   56781   22  21
  252686    8  12
  215194   19  25
  194640   11  10
  195770   11  10
    1232   13   7
  224302   25   8
  233420   25  12
  265784   10  11
  239859   25   8
  272310   10  11
  194349   11  10
  272291   10  11
  203513   11  10
  194666   11  10
  197411   11  10
  247669    8  25
  256719    8  25
  194101   11  10
  203337   11  10
  200419   11  10
  206076   11  10
  251290    8  25
  246757    8  25
  197028   11  10
  266855   10  11
  236327   25  12
  265451   10  11
  241999   25  18
  269155   10  11
  214220   19  25
  251248    8  25
  205487   11  10
  267382   10  11
   17930   18   1
  255113    8  12
  265514   10  27
  198928   11  10
  237651   25   8
  272003   10  11
  223371   25  18
   26977   21  24
  234172   25   8
  234563   25  18
  227363   25   8
  197426   11  10
  269351   10  11
  231393   25   8
  265033   10  11
  255226    8  25
  112167   12   8
  247761    8  26
  268825   10  11
  266274   10  11
  196202   11  10
  200230   11  10
  242730   25   8
  268422   10  11
  199628   11  10
  197469   11  10
  194030   11  10
  205528   11  10
  270176   10  11
  234582   25   8
  194013   11  10
  248376    8  25
  210958   27  24
  199030   11  10
   29149   21  22
  198772   11  10
    4199    6   3
  250515    8  12
  227553   25   8
  194381   11   7
  228588   25   8
   71673    5  18
  248151    8  12
  198697   11  10
   52543   22  24
  265521   10  11
  112210   12   8
  233300   25   8
  195515   11  10
  200011   11  10
  110357   12   8
  266987   10  11
  255651    8  25
  201434   11  10
  247064    8  25
   66858   22  21
  230018   25   8
  266601   10  11
  241294   25  18
  268761   10  11
  205817   11  10
  111743   12   8
  236337   25  12
  272459   10  11
  207010    9   7
  195532   11  10
  269171   10  27
  270924   10  27
   74473    7  27
  254853    8  25
  227650   25   8
   32470   21  22
  270462   10  11
  247506    8  25
  109744   12  25
  207721    9   7
  225667   25   8
  195166   11  10
  202520   11  10
    6471    2  13
  235183   25   8
  159044   16  27
  266024   10  11
  252980    8  25
  247528    8  25
  112126   12   8
  200441   11  10
  239012   25  18
  226761   25  18
  272131   10  16
  205098   11  10
  265076   10  11
  227545   25   8
  230212   25   8
  197639   11  10
    1259   13   2
  264667   10  27
  211914   27   7
  268219   10  27
   46108   24  27
  272184   10  11
  231407   25   8
  266434   10  11
  187360   26  18
  268439   10  11
  254602    8  25
  244892    8  25
  199437   11  10
  200947   11  10
  227103   25   8
  195750   11  10
  205641   11  10
  271176   10  11
   79745    7  11
  269896   10  11
   49213   20  14
  200034   11  10
  200413   11  10
   49107   20  14
  237879   25   8
   34350   24  16
  268290   10   7
  237458   25   8
   76551    7  27
  249071    8  25
  108578    1   9
  209839   27  16
  206798   11  10
  241934   25   8
  201822   11  10
  197260   11  10
  264168   10  11
    8277   23   1
   40742   24  27
  253387    8  25
  244408    8  25
  264716   10  11
  250097    8  25
  206416   11  10
   58850   22  21
  229972   25   8
  228116   25   8
    6935    2   1
  272971   10  11
  269151   10  21
  174154   26  22
  265996   10  11
  269120   10  11
  195207   11  10
  193950   11  10
  246965    8  25
  268851   10  11
   48117   24  16
  198021   11  10
  243600    8  25
  200978   11  10
  112649   12   8
  268444   10  11
  118457   12   8
  198337   11  10
  263991   10  11
  196794   11  10
  253950    8  25
  240752   25   8
  238959   25   8
  225024   25   8
  200955   11  10
  230701   25   8
  269531   10  11
  244838    8  25
  202524   11  10
  226739   25  12
  222866   14  20
  196894   11  10
   59874   22  21
  229513   25   8
  250825    8  25
  272864   10  11
  250836    8  25
  265147   10  11
  166021   16  27
  178851   26  24
  227216   25   8
  230981   25   8
  197612   11  27
  267171   10  24
  238967   25   8
  246085    8  12
  232532   25   8
  249926    8  25
  230073   25   8
  269678   10  11
  265400   10  16
  268510   10  11
  194104   11  10
  266191   10  11
  269477   10  11
  226647   25   8
  268058   10  27
  234156   25  18
  114534   12  25
  263390    8  18
  197645   11  10
  273915   10  11
  263979   10  11
  197173   11  10
  271603   10  11
    7290    2   7
  231166   25  18
  268396   10  11
  212881   27  10
  115782   12   8
  268968   10  11
  244172    8  25
  265693   10  11
  270217   10  11
  229774   25   8
  108114    1  13
  272333   10  11
  226121   25   8
   39626   24  27
  172647   26  16
  243338    8  25
  267761   10  11
  244043    8  25
  205554   11  10
  265488   10  11
  224889   25   8
  256030    8  25
  213033   27  11
  212400   27  24
  200988   11  10
  262170    8  12
  242151   25   8
    4313    6   3
  226325   25   8
  266703   10  11
  263667    8  25
  254154    8  25
  271114   10  11
   53467   22  21
  211490   27  24
  227768   25   8
  245182    8  25
  232102   25   8
  194645   11  10
  261941    8  25
  271807   10  27
  271841   10  11
  240040   25   8
  274275   10  11
  274273   10  11
  224950   25   8
  268216   10  11
  201421   11  10
  270155   10  11
  269069   10  11
  265102   10  11
  267257   10  11
  246461    8  25
  223221   25   8
  226265   25   8
  224443   25  12
  226002   25   8
  236187   25   8
  242434   25   8
  264605   10  11
  241794   25  12
  246615    8  25
  233114   25   8
  228819   25   8
  271422   10  11
  242088   25   8
  267677   10  11
  106703    1   2
  193765   11  10
  238072   25   8
  205475   11  10
  231042   25   8
  231618   25   8
  193873   11   7
  249736    8  25
  255184    8  25
  239697   25   8
  198012   11  10
  198646   11  27
  270068   10  27
  205193   11  10
  198587   11  10
  267535   10  16
  233277   25   8
  268568   10  11
  197010   11  10
  269089   10  11
  226966   25   8
   53397   22  27
  267459   10  11
  226831   25  18
  193908   11  10
   72259    5  25
  238341   25   8
   26915   21  22
     952   13   1
  207891    9   1
  202123   11  10
   65045   22  21
  227464   25   8
  241222   25   5
  110214   12   8
  194234   11  10
  243543    8  25
  240088   25  18
  227185   25   8
  199482   11  10
  108888   12   8
  264110   10  11
    6975    2  13
  265044   10  11
  267863   10  11
  196468   11  10
   40072   24   7
  265590   10  11
  195796   11  10
  223108   25   8
  269230   10  27
  104162    1   9
  231463   25   8
  271483   10  11
  164721   16  27
  264833   10  11
  264167   10  11
  224845   25   8
  207526    9  10
  212008   27  11
  235394   25   8
  238925   25   8
  233039   25   8
  268659   10  11
  273693   10  11
  268586   10  11
  238219   25  12
  234200   25   8
  211144   27  13
  269523   10  27
  265192   10  11
   16308   18  19
  233438   25  12
  198502   11  10
  258844    8  12
   20609   21  26
  232803   25   8
  230763   25   8
  259692    8  26
   32528   21  22
  257659    8  25
   20936   21  16
  265154   10  11
  249843    8  25
  210987   27  11
   71424    5  18
  202261   11  10
  264518   10  11
  269444   10  11
  268134   10  11
  225460   25  12
   58220   22  26
  256681    8  25
  200176   11  10
  104879    1   2
  265868   10  11
  237080   25   8
  202968   11  10
  269599   10  27
  270234   10  11
  235734   25   8
  194596   11  10
  226819   25   8
  209762   27  11
  226805   25   8
  258279    8  25
   32512   21  22
  196719   11  27
  240543   25   8
  232357   25   8
  230800   25   8
  231240   25  12
  202773   11  10
    1144   13   2
  156435   16  22
  226057   25   8
  271885   10  11
   61899   22  21
  260786    8  25
  247022    8  25
  224169   25  12
    8039    2  13
  212371   27  10
  232914   25  12
  197976   11  10
  191157   26  24
  230993   25  12
  224517   25   8
   20555   21  22
  210097   27   6
  199782   11  10
  257390    8  25
  206423   11  10
  201436   11  10
  267024   10  11
  219310   19   7
  231865   25  12
  265256   10  11
  246498    8  16
  253419    8  25
  112703   12   8
  263923   10  11
  265301   10  11
  223888   25   8
  247003    8  25
  119161   12   8
   50714    3   6
  233635   25   8
  226221   25  12
  195148   11  10
   64047   22  26
  247194    8  25
   23241   21  22
  264917   10  11
    6389    2  13
   26455   21  26
  196913   11  10
  253110    8  25
  227818   25   8
  239689   25   8
  263937   10  11
  204184   11  10
   50673    3   6
  228810   25  12
  228018   25   8
  244053    8  25
  205544   11  10
  200339   11  10
  255458    8  25
  266071   10  11
    8498   23   7
  197961   11  10
  235511   25   8
  194827   11  10
  202189   11  10
  200217   11  10
  255727    8  25
  197067   11  10
  264524   10  11
  202113   11  10
  269039   10  11
  224906   25   8
  197708   11  24
  201400   11  10
  234090   25   8
  123456   12  25
  207637    9  23
   76554    7  24
  223897   25  12
  195305   11  10
  246054    8  25
    7104    2  13
  270499   10  11
   63928   22  24
  268762   10  27
  223194   25   8
  201115   11  10
  273232   10  27
  194114   11  27
  255745    8  25
      60   13   2
  107394    1  13
  244536    8  25
  255072    8  12
  229016   25   8
  268954   10  11
  264691   10  11
  233922   25   8
  266059   10  11
   52423   22  21
  194749   11  10
  251553    8  26
  201254   11  10
  246763    8  16
  224782   25   8
  257565    8  25
  202379   11   7
  244424    8  25
  259724    8  12
  229365   25  12
   50710    3  21
  256332    8  12
  231258   25  12
  196655   11  10
  256789    8  25
  246217    8  25
  115133   12  25
  169214   26  22
  251227    8  25
  198725   11  10
     462   13   1
  226504   25   8
  265145   10  11
  237507   25   8
  242024   25  12
    4642    6  27
  234289   25   8
  270169   10  11
  213212   27  16
  265560   10  11
  224174   25   8
  195238   11  10
  204687   11  10
  206776   11  10
  197585   11  10
    6561    2   1
  202298   11  10
  266259   10  11
  268109   10  11
  241210   25   8
  270501   10  27
  197478   11  10
  209722   27  16
  266715   10  11
  246737    8  25
  264876   10  11
  265176   10  11
  269841   10  11
  224272   25   8
  273125   10  11
  197547   11  10
  237001   25  18
  274277   10  11
  210915   27   7
  262304    8  25
  232838   25   8
  260828    8  25
  263710    8  25
  235707   25   8
  194543   11  10
  251082    8  25
  206245   11  10
  114595   12  25
  246308    8  25
  264054   10  11
  260424    8  25
   25306   21  22
  196045   11  10
  204788   11  10
  203309   11  10
  176913   26  24
  250520    8  25
  204178   11  27
  231867   25   8
  228306   25   8
  270896   10  11
  247870    8  12
  265861   10  11
   50510    3   6
  233112   25   8
    8341   23  18
  272713   10  11
  205722   11  10
  249085    8  25
  228297   25   8
  116181   12   8
  199827   11  10
  124312   12   8
  274146   10  11
  198737   11  10
  241943   25   8
  235085   25  12
  262832    8  25
  268803   10  11
  236277   25   8
  123565   12  25
  197626   11  10
  258312    8  25
  257756    8  25
  262562    8  25
  227048   25   8
  225396   25   8
  246434    8  25
  226732   25   8
   19962   21  22
  229584   25   8
  195343   11  10
  194089   11  10
  271172   10  11
  194628   11  10
  272371   10  11
  198001   11  10
  273187   10  11
   18843   18  19
  271725   10  11
  268873   10  27
  269820   10  11
  105491    1  13
  205056   11  10
  107522    1  11
  234143   25  18
   20602   21  13
  195303   11  10
  225699   25   8
  205162   11  10
  228378   25   8
   58936   22  21
  243470    8  12
  203038   11  10
  227478   25   8
  225618   25   8
   22678   21  22
  225345   25   8
  271913   10  27
  272258   10  11
   52357   22  21
  265740   10  11
  157964   16  24
  108374    1   9
  223547   25   8
  267894   10  11
  256654    8  25
  196978   11  10
  245546    8  25
  112641   12   8
  256850    8  25
  108630    1  13
  201628   11  10
  195312   11  10
  262104    8  25
  156257   16  27
   51394    3  21
  249559    8  25
  262994    8  25
  204186   11  10
  233619   25   8
  226557   25   8
  245928    8  25
  196797   11  10
  271300   10  11
  195297   11  10
  272372   10  11
  267984   10  11
  180079   26  22
  266562   10  11
  223400   25   8
  204685   11  10
  273071   10  11
  200234   11  10
  240201   25   8
  266309   10  11
  200111   11  10
  268341   10  11
  199705   11  10
  260733    8  25
  213291   27   7
  198103   11  10
  203903   11  10
   61485   22  21
  224661   25   8
  264465   10  11
  267399   10  11
  265470   10  11
  194311   11  10
  199279   11  10
  204956   11  10
  199150   11  10
  199684   11  10
  272091   10  11
  223378   25   8
  202942   11  10
  223328   25   8
  206213   11  10
  253185    8  25
  259177    8  25
  270117   10  11
  261894    8  25
   49969    3   6
  197501   11  10
  197789   11  27
  210837   27  16
  210873   27  11
  114988   12  25
  238662   25   8
  116704   12   5
   62927   22   8
  196609   11  10
  252036    8  18
  244430    8  25
  230108   25  12
  245114    8  25
  269198   10  11
  252685    8  25
  208994    9   1
  194472   11  10
  196949   11  10
  206199   11  10
  246362    8  25
  190055   26  27
  226592   25   8
  272112   10  11
  196810   11  10
  212276   27  21
   26513   21  22
  197376   11  10
  256975    8  25
  269055   10  11
  226160   25   8
  257738    8  26
  211206   27  10
  194265   11  10
  231974   25   8
  211152   27  10
  206586   11  10
   19580   21  26
  224326   25   8
  109717   12  25
  204372   11  10
  229432   25   8
  273210   10  11
    2996   13   7
   68617   22  21
  202205   11  10
  267204   10  27
  266429   10  11
  247326    8  25
  119642   12   8
    7130    2   7
  196608   11  10
  224506   25   8
  198749   11  10
  258161    8  25
  239011   25   8
  265642   10  11
  204451   11  10
  273469   10  11
  237070   25   8
  244417    8  25
  203841   11  10
  231959   25   8
  124264   12   8
  207890    9   7
  234446   25   8
  241610   25   8
  251707    8  12
  206300   11  10
     768   13   7
  260736    8  25
  241679   25  19
  240071   25   8
  204289   11  10
  253792    8  25
  201505   11  10
    1384   13   7
  248022    8  26
  262136    8  25
  267253   10  27
  224821   25   8
   72581    5  12
  247484    8  25
  226158   25   8
  194895   11  10
  243884    8  12
  194785   11  10
  200393   11  10
  271897   10  11
  223212   25   8
   39604   24  26
   51494   22  21
  266647   10  11
  245878    8  25
     286   13   1
  252275    8  25
  209913   27  10
  199696   11  10
  242071   25   8
  266450   10  11
  196579   11  10
   59817   22  21
  267687   10  11
  256602    8  25
  255788    8  25
  269072   10  11
  272691   10  11
  256014    8  25
  116230   12   5
    2414   13   2
  231090   25  18
  224744   25   8
  210062   27  24
  200642   11  10
  243857    8  25
   60949   22  24
  268308   10  11
  233282   25   8
  270306   10  11
  246410    8  25
  116303   12   8
  265300   10  11
  170955   26  27
  206080   11  10
  270170   10  11
  202216   11  10
  270606   10  11
  253531    8  25
   51340    3   6
  229624   25   8
  225619   25   8
  193879   11  27
  256106    8  25
  230741   25   8
  249022    8   5
  268361   10  11
  238847   25   8
   22167   21  22
  272859   10  11
  227896   25  12
  268646   10  11
  111258   12   8
  268184   10  11
  229976   25   5
  268031   10  11
  205695   11  27
  199592   11  10
  115757   12  25
   73572    5  18
  174199   26  21
  273690   10  11
  247862    8  25
  225081   25   8
  247021    8  12
  261745    8  25
  226033   25   8
  265117   10  11
  211377   27  10
  228545   25   8
    4483    6   3
  198323   11  10
  202951   11  10
  235534   25   8
  235509   25   8
   70873    5  18
   56390   22  26
  122838   12   8
  255992    8  25
  196762   11  10
  199746   11  27
  230471   25   8
  202401   11  10
  243219    8  25
  194817   11  10
  194440   11  10
    1164   13   1
  245774    8  25
  274030   10  11
    2890   13   2
   49711    3   6
  248615    8  25
  223765   25   8
  191968   26  24
  272879   10  11
  209781   27   7
  265663   10  11
  230100   25   8
  273570   10  11
  180217   26  22
  196961   11  10
  268020   10  11
  202880   11  10
  232268   25  12
  248223    8  25
  104777    1   7
  238258   25   8
  236662   25   8
  235938   25   8
  273027   10  11
  233462   25   8
  195392   11  10
   57854   22  16
  243556    8  25
  235277   25  12
  249990    8   5
  202815   11  10
  199619   11  10
  266712   10  11
  265690   10  11
  238798   25   8
  195307   11  27
    6394    2  13
   41523   24   4
  248129    8   5
  268320   10  27
  269314   10  11
  226172   25   8
  230575   25   8
  264802   10  11
  194424   11  10
  209973   27  16
  272651   10  11
   68891   22  24
    3671    6  22
  111789   12  25
  264712   10  13
  105960    1  24
  223322   25   5
  240771   25   8
  226131   25   8
  246934    8  25
  273130   10  11
  210245   27  10
  248137    8  25
  204299   11  10
  251360    8  25
  194725   11  10
  181006   26  22
  265441   10  11
  200876   11  10
  203247   11  10
  263966   10  11
  228068   25   8
  251935    8  25
  231341   25  12
  194780   11  10
  266377   10  11
  264690   10  11
  264696   10  11
  201578   11  10
  109622   12   8
  229497   25   8
     405   13  27
  245338    8  25
  260471    8  12
  272313   10  11
  250828    8  25
  269703   10  11
  203409   11  10
  196956   11  10
  194956   11  10
  236803   25   8
  232339   25   8
  197505   11  10
  198404   11  10
   49346   20   3
   48733   20  14
  270731   10  11
  269664   10  11
  232047   25   8
  206583   11  10
  258927    8  25
  268263   10  11
  268367   10  11
   11442   18  23
  204552   11  10
    3611    6   3
    2985   13   1
  272894   10  11
  268943   10  11
  200242   11  10
  274026   10  11
  194102   11  10
  195351   11  10
  255219    8  25
  124143   12   8
  194689   11  14
  106708    1  13
  254182    8  25
  107829    1   9
  265259   10  11
  204729   11  10
  271450   10  11
  230518   25   8
  230048   25   8
   28399   21  22
  195183   11  10
  272996   10  27
  206152   11  10
  230629   25   5
   70514    5  25
  206490   11  10
   22393   21  24
  268190   10  11
  269251   10  11
  224350   25   8
  245549    8  25
  121402   12   8
  111442   12   8
  211627   27  10
    1873   13   1
  194093   11  24
  252461    8  25
  224732   25   8
  205573   11  10
   60250   22  21
  273739   10  11
  227367   25   8
  202661   11  10
    3407   13   2
  235463   25   8
  202831   11  10
  193744   11  10
  231023   25   8
  265540   10  11
  264859   10  11
  257616    8  25
  270989   10  11
  196802   11  10
  208972    9   7
  268314   10  11
     657   13   9
  225422   25   8
   26424   21  26
    6339    2  13
  186660   26  21
  253229    8  16
  265467   10  11
  115176   12  25
  258910    8  25
  238391   25   8
  260612    8  25
  204162   11  10
  203515   11  10
  268310   10  11
    4288    6   3
  251295    8  25
  243069    8  25
  109749   12   5
  240091   25   8
  249212    8  25
  254208    8  25
  125799   12   8
  211078   27  13
  264742   10  11
  265324   10  11
  241976   25   8
   53455   22  21
   20684   21  22
  265664   10  14
  262962    8  25
  211346   27  24
  200196   11  10
  197011   11  10
  267475   10  11
  195709   11  10
  264209   10  11
  264239   10  11
    4029    6  11
   52789   22  24
  233089   25   8
  166188   16  22
  267235   10  11
  229024   25   8
  235776   25   8
  229839   25   8
  226770   25   8
  268266   10  11
  182257   26  22
  112322   12   8
  272261   10  27
  110819   12  25
  271160   10  11
   35808   24   8
  249298    8  25
  199164   11  10
  256912    8  25
  247840    8  25
  196021   11  10
  229861   25   8
  266701   10  11
  199854   11  10
  195213   11  10
  234795   25   8
  254184    8  25
  226487   25   8
  266573   10  11
  199626   11  10
  270629   10  11
  264772   10  11
  190608   26  24
  198052   11  10
  269156   10  11
    3630    6   3
  195229   11  10
  262842    8  25
  199833   11  10
  119137   12   8
  243957    8  25
    1439   13   2
  266463   10  11
  268740   10  11
  110865   12   8
  250414    8  25
  216742   19   7
  242298   25   8
  204943   11  10
   74653    7  13
  205541   11  10
    8926   23   9
  228341   25   8
  199120   11  10
  224424   25   8
   38431   24  27
  270938   10  11
  227034   25   8
  250765    8  25
   87951    4  24
  265609   10  11
  236697   25   8
  207321    9   7
  230908   25   8
  272429   10  11
    7799    2  23
   48959   20  14
  271726   10  11
   66632   22  21
  233821   25   8
  202569   11  10
   49590    3   6
  228401   25   8
  105988    1   2
  158044   16  27
  253167    8  25
  261796    8  16
  226166   25   8
  199028   11  10
  198300   11  10
  269658   10  11
  193793   11  10
    3596    6   3
  108277    1  13
  160288   16  24
  195857   11  10
  264945   10  11
  272228   10  11
  197189   11  10
  201546   11  10
  188199   26  25
  203859   11  14
  264517   10  11
    1104   13   2
  237336   25   8
  246663    8  25
  225563   25  12
   19489   21  22
  201791   11  10
  273213   10  11
  270281   10  11
  203481   11  10
  269740   10  26
  243666    8  25
  271380   10  11
  243695    8  25
  253530    8  25
  259256    8  25
  233468   25   8
  274202   10  14
  255993    8  25
  202594   11  10
  266414   10  11
  203207   11  10
   13879   18  25
  265523   10  11
  233139   25   8
  273521   10  11
  241609   25   8
   48735   20  14
   70484    5  18
  206694   11  10
  273143   10  24
  272012   10  11
  206184   11  10
  104289    1  13
   73363    5  25
  261307    8  25
   19454   21  26
  265237   10  11
  241262   25   8
  202040   11  10
  202844   11  10
  227682   25   5
   29476   21  22
  230297   25   8
  269996   10  11
  267391   10  11
  249963    8  25
  267278   10  11
  197774   11  10
  246940    8  12
  211433   27   8
  267755   10  11
  260547    8  25
  231017   25   8
  204686   11  10
  229313   25  12
  265319   10   7
  233849   25   8
  105395    1  13
  273743   10  11
   20680   21  22
  247622    8  25
  212248   27   7
  201978   11  10
  225150   25  12
  249663    8  25
  203235   11  10
  246073    8  25
  255426    8  16
  163057   16  27
  264898   10  11
  195143   11  10
  248045    8  25
  106405    1  13
  200463   11  10
  265129   10  11
    6363    2  23
  181111   26  21
  202463   11  10
  249172    8  25
  272949   10  11
  236093   25   8
   30426   21  22
  266405   10  11
  249378    8  25
  201574   11  27
  125987   12   5
  270427   10  11
  195878   11  10
  205557   11  10
    3563    6  27
  205620   11  10
    9249   23   2
  261961    8  25
  266408   10  11
  195652   11  10
  246939    8  12
  271629   10  11
   62092   22  24
  195673   11  10
  254338    8  25
  212750   27  10
  211884   27  24
  195212   11  10
  209912   27   2
  174430   26  24
  270133   10  11
   82220    7  27
