    143019    5   3
    155832    3   5
    142502    5   3
    200700    0   3
    212476    2   0
    164279    5   3
    153613    3   5
    155517    3   5
    160490    5   2
    210980    0   3
    148983    0   5
    140919    3   5
    152940    3   5
    142860    3   5
    147984    3   5
    166255    5   3
    157131    5   3
    142729    3   5
    163208    5   3
    142007    5   3
    222268    1   2
     82957    2   1
    142757    5   3
    141352    5   3
    159488    5   3
    156264    3   5
    153478    5   3
    140268    3   5
    200709    0   3
    209792    0   2
    162592    3   5
    150797    5   3
    140240    5   3
    151524    2   5
    161369    3   5
    140248    5   3
     36860    0   3
    210338    1   2
    163537    3   5
    156336    5   3
    150733    5   3
     81015    0   3
    148952    5   3
    202605    2   1
    151162    2   5
    221856    1   2
    204845    0   3
    143105    2   5
    158081    3   5
    210937    5   0
    158254    5   3
    142386    3   5
    144318    5   3
    161601    3   5
    205193    0   3
    146160    5   3
    162576    3   5
    165928    5   3
    158059    5   3
    157052    0   2
    155789    5   3
    143179    5   3
    159193    2   5
    154736    3   2
    148939    3   5
    221191    1   2
    157056    5   3
    141350    3   5
    194488    3   0
    140819    5   3
    212712    2   1
    164722    5   3
    157042    3   5
    164634    5   3
    198015    1   2
     23122    3   1
     83348    2   1
     42732    1   4
    166357    3   5
    141416    5   3
    162399    3   5
    151826    3   5
    152194    3   5
     78325    2   1
     21536    3   4
    210466    4   2
    166856    5   3
    154894    3   5
    145396    5   3
    203809    2   1
    144448    3   5
    157907    5   3
    157305    2   4
    141862    5   3
    196957    5   2
    164233    5   3
    162011    3   5
