category
29
   0 Ignored                0.237622   1.000000
   1 Nightsuit              0.017624   1.000000
   2 babydoll               0.007425   1.000000
   3 blazer                 0.006431   1.000000
   4 bra                    0.036679   1.000000
   5 capri                  0.014447   1.000000
   6 coat                   0.003768   1.000000
   7 dress                  0.032763   1.000000
   8 ethnic                 0.020588   1.000000
   9 jean                   0.069442   1.000000
  10 jumpsuit               0.007519   1.000000
  11 kurta                  0.050765   1.000000
  12 kurti                  0.065076   1.000000
  13 legging                0.066330   1.000000
  14 nighty                 0.016287   1.000000
  15 salwar                 0.011584   1.000000
  16 saree                  0.069442   1.000000
  17 shirt                  0.069442   1.000000
  18 shoes                  0.069442   1.000000
  19 shorts                 0.038004   1.000000
  20 skirt                  0.025563   1.000000
  21 suit                   0.001674   1.000000
  22 sweater                0.044258   1.000000
  23 sweatshirts            0.053214   1.000000
  24 swinsuit               0.003301   1.000000
  25 top                    0.043406   1.000000
  26 trouser                0.069442   1.000000
  27 tshirt                 0.069442   1.000000
  28 tunic                  0.016642   1.000000