category
28
   0 Ignored                1.000000   1.000000
   1 Nightsuit              1.000000   1.000000
   2 babydoll               1.000000   1.000000
   3 blazer                 1.000000   1.000000
   4 bra                    1.000000   1.000000
   5 capri                  1.000000   1.000000
   6 coat                   1.000000   1.000000
   7 dress                  1.000000   1.000000
   8 jean                   1.000000   1.000000
   9 jumpsuit               1.000000   1.000000
  10 kurta                  1.000000   1.000000
  11 kurti                  1.000000   1.000000
  12 legging                1.000000   1.000000
  13 nighty                 1.000000   1.000000
  14 salwar                 1.000000   1.000000
  15 saree                  1.000000   1.000000
  16 shirt                  1.000000   1.000000
  17 shoes                  1.000000   1.000000
  18 shorts                 1.000000   1.000000
  19 skirt                  1.000000   1.000000
  20 suit                   1.000000   1.000000
  21 sweater                1.000000   1.000000
  22 sweatshirts            1.000000   1.000000
  23 swinsuit               1.000000   1.000000
  24 top                    1.000000   1.000000
  25 trouser                1.000000   1.000000
  26 tshirt                 1.000000   1.000000
  27 tunic                  1.000000   1.000000
5
pantsX             2   8 25
legX               2   12 5
nightX             2   13 1
sweatX             2   21 22
kurtX              2   10 11