category
28
   0 Ignored                0.234030   0.434003
   1 Nightsuit              0.017573   1.583835
   2 babydoll               0.007403   2.440189
   3 blazer                 0.006412   2.621987
   4 bra                    0.036573   1.097866
   5 capri                  0.014405   1.749333
   6 coat                   0.003758   3.425118
   7 dress                  0.032668   1.161633
   8 jean                   0.073146   0.776309
   9 jumpsuit               0.007497   2.424781
  10 kurta                  0.050618   0.933203
  11 kurti                  0.064887   0.824231
  12 legging                0.066138   0.816401
  13 nighty                 0.016239   1.647564
  14 salwar                 0.011550   1.953615
  15 saree                  0.073146   0.776309
  16 shirt                  0.073146   0.776309
  17 shoes                  0.073146   0.776309
  18 shorts                 0.037894   1.078556
  19 skirt                  0.025489   1.315083
  20 suit                   0.001669   5.138686
  21 sweater                0.044129   0.999460
  22 sweatshirts            0.053060   0.911475
  23 swinsuit               0.003292   3.659554
  24 top                    0.043280   1.009220
  25 trouser                0.073146   0.776309
  26 tshirt                 0.073146   0.776309
  27 tunic                  0.016593   1.629898
5
pantsX             2   8 25
legX               2   12 5
nightX             2   13 1
sweatX             2   21 22
kurtX              2   10 11