/images/fk3sets_all/bh14multi-ethnic-trend-400x400-imadumfhmuxxjpah.jpeg 0.358585977147 0.225388601036 0.350427350427 0.108808290155 6033 0
/images/fk3sets_all/bh14multi-ethnic-trend-400x400-imadumfhmuxxjpah.jpeg 0.512432130993 0.40932642487 0.393162393162 0.119170984456 6034 0
/images/fk3sets_all/bh14multi-ethnic-trend-400x400-imadumfhmuxxjpah.jpeg 0.162004780566 0.70725388601 0.410256410256 0.116580310881 6035 0
/images/fk3sets_all/ameesha-srinidhi-silks-400x400-imadzzf5ujzf6gsd.jpeg 0.526053481961 0.740932642487 0.391304347826 0.147668393782 6036 0
/images/fk3sets_all/ameesha-srinidhi-silks-400x400-imadzzf5ujzf6gsd.jpeg 0.563320562706 0.427461139896 0.335403726708 0.139896373057 6037 0
/images/fk3sets_all/ameesha-srinidhi-silks-400x400-imadzzf5ujzf6gsd.jpeg 0.358351618607 0.240932642487 0.378881987578 0.145077720207 6038 0
/images/fk3sets_all/tsn32004-triveni-400x400-imaeffhfu6rky4jz.jpeg 0.189901753476 0.616580310881 0.453947368421 0.150259067358 6039 0
/images/fk3sets_all/fm10073-satrang-free-400x400-imadppnetnhjd54k.jpeg 0.460901481518 0.238341968912 0.173913043478 0.119170984456 6040 0
/images/fk3sets_all/gs769-8525-white-f-schelene-400x400-imadwzqsj2z7zfx2.jpeg 0.330142522262 0.222797927461 0.233898305085 0.178756476684 6041 0
/images/fk3sets_all/uznsr533aal-fabdeal-400x400-imaef4z4n9sygrsh.jpeg 0.54015648502 0.585492227979 0.396551724138 0.160621761658 6042 0
/images/fk3sets_all/uznsr533aal-fabdeal-400x400-imaef4z4n9sygrsh.jpeg 0.293030048239 0.435233160622 0.344827586207 0.165803108808 6043 0
/images/fk3sets_all/7018-hitansh-fashion-400x400-imadzdm2xrhwgza2.jpeg 0.349809169769 0.287564766839 0.28125 0.147668393782 6044 0
/images/fk3sets_all/7018-hitansh-fashion-400x400-imadzdm2xrhwgza2.jpeg 0.605017503103 0.60103626943 0.307291666667 0.158031088083 6045 0
/images/fk3sets_all/7018-hitansh-fashion-400x400-imadzdm2xrhwgza2.jpeg 0.256059169769 0.740932642487 0.291666666667 0.150259067358 6046 0
/images/fk3sets_all/gsm-436-bp-goyal-silk-mills-400x400-imae32zsbg2r2zmy.jpeg 0.288302121651 0.466321243523 0.257950530035 0.181347150259 6047 0
/images/fk3sets_all/ubg2sr8064bbtr-ambaji-400x400-imaefak38anrgyur.jpeg 0.625047090038 0.629533678756 0.311258278146 0.124352331606 6048 0
/images/fk3sets_all/ubg2sr8064bbtr-ambaji-400x400-imaefak38anrgyur.jpeg 0.22769609666 0.367875647668 0.470198675497 0.189119170984 6049 0
/images/fk3sets_all/fl-1113-a-yellow-f-florence-400x400-imadw5rxvgyfqq77.jpeg 0.16973466938 0.450777202073 0.265306122449 0.20207253886 6050 0
/images/fk3sets_all/fl-1113-a-yellow-f-florence-400x400-imadw5rxvgyfqq77.jpeg 0.465653036727 0.347150259067 0.224489795918 0.160621761658 6051 0
/images/fk3sets_all/fl-1113-a-yellow-f-florence-400x400-imadw5rxvgyfqq77.jpeg 0.445244873462 0.658031088083 0.251700680272 0.181347150259 6052 0
/images/fk3sets_all/40-18-gs64085-prafful-400x400-imaeyx5gn9ydtzqf.jpeg 0.353746810049 0.259067357513 0.289308176101 0.124352331606 6053 0
/images/fk3sets_all/sr4116-samyakk-400x400-imadw3xk36dttu9x.jpeg 0.581954103079 0.349740932642 0.372670807453 0.139896373057 6054 0
/images/fk3sets_all/bhs1318-bhavi-400x400-imae2yyjvrwbhfx7.jpeg 0.122801470908 0.730569948187 0.464968152866 0.181347150259 6055 0
/images/fk3sets_all/bhs1321-bhavi-400x400-imae2yyjxsuhpchx.jpeg 0.285148965969 0.435233160622 0.259259259259 0.160621761658 6056 0
/images/fk3sets_all/bhs1321-bhavi-400x400-imae2yyjxsuhpchx.jpeg 0.338646908356 0.199481865285 0.234567901235 0.152849740933 6057 0
/images/fk3sets_all/sar37-a-123-2dots-400x400-imae2pzg9zmcuyhb.jpeg 0.460507247248 0.251295336788 0.290640394089 0.160621761658 6058 0
/images/fk3sets_all/sar37-a-123-2dots-400x400-imae2pzg9zmcuyhb.jpeg 0.593512173357 0.572538860104 0.339901477833 0.158031088083 6059 0
/images/fk3sets_all/fks568-unnati-silks-400x400-imadu8yfjwfzzuzv.jpeg 0.378904042754 0.212435233161 0.364779874214 0.145077720207 6060 0
/images/fk3sets_all/fks568-unnati-silks-400x400-imadu8yfjwfzzuzv.jpeg 0.353746810049 0.417098445596 0.40251572327 0.150259067358 6061 0
/images/fk3sets_all/fks568-unnati-silks-400x400-imadu8yfjwfzzuzv.jpeg 0.366325426402 0.619170984456 0.421383647799 0.150259067358 6062 0
/images/fk3sets_all/tsn47003-triveni-400x400-imae3rdup47pd9zs.jpeg 0.479868746352 0.230569948187 0.350574712644 0.129533678756 6063 0
/images/fk3sets_all/tsn47003-triveni-400x400-imae3rdup47pd9zs.jpeg 0.3936618498 0.386010362694 0.373563218391 0.19170984456 6064 0
/images/fk3sets_all/tsn47003-triveni-400x400-imae3rdup47pd9zs.jpeg 0.330443458996 0.616580310881 0.442528735632 0.217616580311 6065 0
/images/fk3sets_all/whs00019-hawai-400x400-imadtfrxchaz4vpb.jpeg 0.337956048492 0.282383419689 0.278195488722 0.155440414508 6066 0
/images/fk3sets_all/whs00019-hawai-400x400-imadtfrxchaz4vpb.jpeg 0.416903416913 0.479274611399 0.236842105263 0.233160621762 6067 0
/images/fk3sets_all/whs00019-hawai-400x400-imadtfrxchaz4vpb.jpeg 0.443219206387 0.753886010363 0.221804511278 0.155440414508 6068 0
/images/fk3sets_all/tsvd25010-triveni-400x400-imadwxkztzenmjum.jpeg 0.460090852727 0.220207253886 0.38418079096 0.158031088083 6069 0
/images/fk3sets_all/tsvd25010-triveni-400x400-imadwxkztzenmjum.jpeg 0.510938310354 0.484455958549 0.412429378531 0.181347150259 6070 0
/images/fk3sets_all/tsvd25010-triveni-400x400-imadwxkztzenmjum.jpeg 0.493989157811 0.715025906736 0.401129943503 0.176165803109 6071 0
/images/fk3sets_all/psu025a-platinum-400x400-imae2a5byyhmkgdv.jpeg 0.391541730007 0.440414507772 0.339901477833 0.181347150259 6072 0
/images/fk3sets_all/psu025a-platinum-400x400-imae2a5byyhmkgdv.jpeg 0.613216606854 0.673575129534 0.369458128079 0.212435233161 6073 0
/images/fk3sets_all/beauty9478-hypnotex-400x400-imaduexk5yp6h7qe.jpeg 0.228779417096 0.272020725389 0.515151515152 0.170984455959 6074 0
/images/fk3sets_all/beauty9478-hypnotex-400x400-imaduexk5yp6h7qe.jpeg 0.266658204975 0.523316062176 0.598484848485 0.209844559585 6075 0
/images/fk3sets_all/3308blu-cenizas-400x400-imadys6hgmhzfnck.jpeg 0.36499005486 0.256476683938 0.370588235294 0.194300518135 6076 0
/images/fk3sets_all/3308blu-cenizas-400x400-imadys6hgmhzfnck.jpeg 0.441460643095 0.564766839378 0.4 0.176165803109 6077 0
/images/fk3sets_all/jks12493-jaipur-kurti-400x400-imadz7y2qbmagzwj.jpeg 0.367677018449 0.256476683938 0.405405405405 0.152849740933 6078 0
/images/fk3sets_all/das-27501411-das-400x400-imaeyq72e8dzepgh.jpeg 0.366567201252 0.445595854922 0.26582278481 0.155440414508 6079 0
/images/fk3sets_all/30123360-cbazaar-400x400-imadykn5zjnxktab.jpeg 0.392645768042 0.401554404145 0.238493723849 0.142487046632 6080 0
/images/fk3sets_all/91875-boondh-free-400x400-imae2y4shdc47zgz.jpeg 0.43183312667 0.266839378238 0.185964912281 0.124352331606 6081 0
/images/fk3sets_all/d1401-dream-saree-400x400-imaeyx5tavpngh4v.jpeg 0.234329125189 0.259067357513 0.393548387097 0.155440414508 6082 0
/images/fk3sets_all/d1401-dream-saree-400x400-imaeyx5tavpngh4v.jpeg 0.544006544544 0.484455958549 0.451612903226 0.160621761658 6083 0
/images/fk3sets_all/sf100253-livaaz-400x400-imae2hhm4g9qcrzr.jpeg 0.321084537862 0.253886010363 0.403726708075 0.155440414508 6084 0
/images/fk3sets_all/30118080-cbazaar-400x400-imady5yth4pxzzbh.jpeg 0.41524842728 0.357512953368 0.362790697674 0.170984455959 6085 0
/images/fk3sets_all/sh11926-oswal-777-400x400-imae3gh3njup8ava.jpeg 0.316163314016 0.40932642487 0.440789473684 0.178756476684 6086 0
/images/fk3sets_all/sl-15471-stylelok-400x400-imaeykwqn2dhfn35.jpeg 0.194554937453 0.251295336788 0.233333333333 0.139896373057 6087 0
/images/fk3sets_all/qfgr6416-chhabra-555-400x400-imadqgs79rr2nmcz.jpeg 0.4690283698 0.215025906736 0.405405405405 0.152849740933 6088 0
/images/fk3sets_all/92281-parchayee-400x400-imae3c2gkhmxkhjs.jpeg 0.148253106452 0.419689119171 0.415584415584 0.170984455959 6089 0
/images/fk3sets_all/92526-boondh-free-400x400-imaeyph3fj7hp6kz.jpeg 0.453944708711 0.279792746114 0.225806451613 0.147668393782 6090 0
/images/fk3sets_all/289a-sudarshan-silks-400x400-imadp7yjfgnktfyk.jpeg 0.443982371968 0.256476683938 0.348066298343 0.160621761658 6091 0
/images/fk3sets_all/93097-parchayee-400x400-imaefag6bn7rvxgp.jpeg 0.522933467742 0.230569948187 0.370967741935 0.178756476684 6092 0
/images/fk3sets_all/sari-22-ssmitn-400x400-imaeymvm3mq79bvt.jpeg 0.228846153846 0.419689119171 0.530769230769 0.173575129534 6093 0
/images/fk3sets_all/oomsr8898al-fabdeal-400x400-imadtwnzf3ht8ryd.jpeg 0.366734046721 0.243523316062 0.423728813559 0.186528497409 6094 0
/images/fk3sets_all/hsr1905brtf-fablook-400x400-imaeypgvx3fgh4my.jpeg 0.224079211005 0.272020725389 0.537931034483 0.183937823834 6095 0
/images/fk3sets_all/tswv1330-triveni-400x400-imadzw6ggz4resws.jpeg 0.297002552512 0.365284974093 0.491017964072 0.209844559585 6096 0
/images/fk3sets_all/fhvi-11403-aasri-400x400-imae3d2sjwqbmasd.jpeg 0.380285502589 0.567357512953 0.33488372093 0.163212435233 6097 0
/images/fk3sets_all/tspe4310-triveni-400x400-imadu84bqe4zgy6h.jpeg 0.279400332943 0.468911917098 0.43956043956 0.20207253886 6098 0
/images/fk3sets_all/sedsr7685nh-ambaji-400x400-imadzwgmbhwpr8m3.jpeg 0.367019489247 0.479274611399 0.403225806452 0.183937823834 6099 0
/images/fk3sets_all/sedsr7685nh-ambaji-400x400-imadzwgmbhwpr8m3.jpeg 0.141213037634 0.39378238342 0.236559139785 0.132124352332 6100 0
/images/fk3sets_all/psu028a-platinum-400x400-imae2daca5k5vsz2.jpeg 0.517982868233 0.619170984456 0.289562289562 0.230569948187 6101 0
/images/fk3sets_all/lnfsr10135dwt-dyefab-400x400-imadsgsabhbhjaqw.jpeg 0.250348294166 0.435233160622 0.41935483871 0.165803108808 6102 0
/images/fk3sets_all/tam-pv5441-tamanna-fashions-400x400-imaeyh2fhagfjwyc.jpeg 0.259238060485 0.29792746114 0.510638297872 0.19170984456 6103 0
/images/fk3sets_all/0-0-sspk-prkwm-11-sspk-400x400-imae2fapkb2a7ysm.jpeg 0.155252365839 0.233160621762 0.386904761905 0.152849740933 6104 0
/images/fk3sets_all/4005-kiran-saree-400x400-imae39qsa6mkk8s9.jpeg 0.374227727501 0.222797927461 0.2071197411 0.145077720207 6105 0
/images/fk3sets_all/cs-104-corsage-s-400x400-imadsnfwthrurvew.jpeg 0.385132308346 0.116580310881 0.297213622291 0.272020725389 6106 0
/images/fk3sets_all/skt284-little-india-m-400x400-imae4gwrnhefdwk5.jpeg 0.425527036024 0.347150259067 0.311977715877 0.266839378238 6107 0
/images/fk3sets_all/16152b-fbbic-l-400x400-imae29zr7mhhnxab.jpeg 0.294234814851 0.150259067358 0.329710144928 0.227979274611 6108 0
/images/fk3sets_all/dg0005sk0002-oxolloxo-xl-400x400-imae3myunfejrhfz.jpeg 0.2002011584 0.178756476684 0.564935064935 0.222797927461 6109 0
/images/fk3sets_all/ntow15-0021-sttoffa-free-400x400-imaeykyyruht6mgu.jpeg 0.273038802608 0.183937823834 0.593548387097 0.243523316062 6110 0
/images/fk3sets_all/s00004-krazzy-collection-l-400x400-imaeyg88sbzhhhe4.jpeg 0.367737039162 0.468911917098 0.394160583942 0.29792746114 6111 0
