/images/fk3sets_all/bh14multi-ethnic-trend-400x400-imadumfhmuxxjpah.jpeg 0.358585977147 0.225388601036 0.350427350427 0.108808290155 6033 0
/images/fk3sets_all/bh14multi-ethnic-trend-400x400-imadumfhmuxxjpah.jpeg 0.512432130993 0.40932642487 0.393162393162 0.119170984456 6034 0
/images/fk3sets_all/bh14multi-ethnic-trend-400x400-imadumfhmuxxjpah.jpeg 0.162004780566 0.70725388601 0.410256410256 0.116580310881 6035 0
/images/fk3sets_all/ameesha-srinidhi-silks-400x400-imadzzf5ujzf6gsd.jpeg 0.526053481961 0.740932642487 0.391304347826 0.147668393782 6036 0
/images/fk3sets_all/ameesha-srinidhi-silks-400x400-imadzzf5ujzf6gsd.jpeg 0.563320562706 0.427461139896 0.335403726708 0.139896373057 6037 0
/images/fk3sets_all/ameesha-srinidhi-silks-400x400-imadzzf5ujzf6gsd.jpeg 0.358351618607 0.240932642487 0.378881987578 0.145077720207 6038 0
/images/fk3sets_all/tsn32004-triveni-400x400-imaeffhfu6rky4jz.jpeg 0.189901753476 0.616580310881 0.453947368421 0.150259067358 6039 0
/images/fk3sets_all/fm10073-satrang-free-400x400-imadppnetnhjd54k.jpeg 0.460901481518 0.238341968912 0.173913043478 0.119170984456 6040 0
/images/fk3sets_all/gs769-8525-white-f-schelene-400x400-imadwzqsj2z7zfx2.jpeg 0.330142522262 0.222797927461 0.233898305085 0.178756476684 6041 0
/images/fk3sets_all/uznsr533aal-fabdeal-400x400-imaef4z4n9sygrsh.jpeg 0.54015648502 0.585492227979 0.396551724138 0.160621761658 6042 0
/images/fk3sets_all/uznsr533aal-fabdeal-400x400-imaef4z4n9sygrsh.jpeg 0.293030048239 0.435233160622 0.344827586207 0.165803108808 6043 0
/images/fk3sets_all/7018-hitansh-fashion-400x400-imadzdm2xrhwgza2.jpeg 0.349809169769 0.287564766839 0.28125 0.147668393782 6044 0
/images/fk3sets_all/7018-hitansh-fashion-400x400-imadzdm2xrhwgza2.jpeg 0.605017503103 0.60103626943 0.307291666667 0.158031088083 6045 0
/images/fk3sets_all/7018-hitansh-fashion-400x400-imadzdm2xrhwgza2.jpeg 0.256059169769 0.740932642487 0.291666666667 0.150259067358 6046 0
/images/fk3sets_all/gsm-436-bp-goyal-silk-mills-400x400-imae32zsbg2r2zmy.jpeg 0.288302121651 0.466321243523 0.257950530035 0.181347150259 6047 0
/images/fk3sets_all/ubg2sr8064bbtr-ambaji-400x400-imaefak38anrgyur.jpeg 0.625047090038 0.629533678756 0.311258278146 0.124352331606 6048 0
/images/fk3sets_all/ubg2sr8064bbtr-ambaji-400x400-imaefak38anrgyur.jpeg 0.22769609666 0.367875647668 0.470198675497 0.189119170984 6049 0
/images/fk3sets_all/fl-1113-a-yellow-f-florence-400x400-imadw5rxvgyfqq77.jpeg 0.16973466938 0.450777202073 0.265306122449 0.20207253886 6050 0
/images/fk3sets_all/fl-1113-a-yellow-f-florence-400x400-imadw5rxvgyfqq77.jpeg 0.465653036727 0.347150259067 0.224489795918 0.160621761658 6051 0
/images/fk3sets_all/fl-1113-a-yellow-f-florence-400x400-imadw5rxvgyfqq77.jpeg 0.445244873462 0.658031088083 0.251700680272 0.181347150259 6052 0
/images/fk3sets_all/40-18-gs64085-prafful-400x400-imaeyx5gn9ydtzqf.jpeg 0.353746810049 0.259067357513 0.289308176101 0.124352331606 6053 0
/images/fk3sets_all/sr4116-samyakk-400x400-imadw3xk36dttu9x.jpeg 0.581954103079 0.349740932642 0.372670807453 0.139896373057 6054 0
/images/fk3sets_all/bhs1318-bhavi-400x400-imae2yyjvrwbhfx7.jpeg 0.122801470908 0.730569948187 0.464968152866 0.181347150259 6055 0
/images/fk3sets_all/bhs1321-bhavi-400x400-imae2yyjxsuhpchx.jpeg 0.285148965969 0.435233160622 0.259259259259 0.160621761658 6056 0
/images/fk3sets_all/bhs1321-bhavi-400x400-imae2yyjxsuhpchx.jpeg 0.338646908356 0.199481865285 0.234567901235 0.152849740933 6057 0
/images/fk3sets_all/sar37-a-123-2dots-400x400-imae2pzg9zmcuyhb.jpeg 0.460507247248 0.251295336788 0.290640394089 0.160621761658 6058 0
/images/fk3sets_all/sar37-a-123-2dots-400x400-imae2pzg9zmcuyhb.jpeg 0.593512173357 0.572538860104 0.339901477833 0.158031088083 6059 0
/images/fk3sets_all/fks568-unnati-silks-400x400-imadu8yfjwfzzuzv.jpeg 0.378904042754 0.212435233161 0.364779874214 0.145077720207 6060 0
/images/fk3sets_all/fks568-unnati-silks-400x400-imadu8yfjwfzzuzv.jpeg 0.353746810049 0.417098445596 0.40251572327 0.150259067358 6061 0
/images/fk3sets_all/fks568-unnati-silks-400x400-imadu8yfjwfzzuzv.jpeg 0.366325426402 0.619170984456 0.421383647799 0.150259067358 6062 0
/images/fk3sets_all/tsn47003-triveni-400x400-imae3rdup47pd9zs.jpeg 0.479868746352 0.230569948187 0.350574712644 0.129533678756 6063 0
/images/fk3sets_all/tsn47003-triveni-400x400-imae3rdup47pd9zs.jpeg 0.3936618498 0.386010362694 0.373563218391 0.19170984456 6064 0
/images/fk3sets_all/tsn47003-triveni-400x400-imae3rdup47pd9zs.jpeg 0.330443458996 0.616580310881 0.442528735632 0.217616580311 6065 0
/images/fk3sets_all/whs00019-hawai-400x400-imadtfrxchaz4vpb.jpeg 0.337956048492 0.282383419689 0.278195488722 0.155440414508 6066 0
/images/fk3sets_all/whs00019-hawai-400x400-imadtfrxchaz4vpb.jpeg 0.416903416913 0.479274611399 0.236842105263 0.233160621762 6067 0
/images/fk3sets_all/whs00019-hawai-400x400-imadtfrxchaz4vpb.jpeg 0.443219206387 0.753886010363 0.221804511278 0.155440414508 6068 0
/images/fk3sets_all/tsvd25010-triveni-400x400-imadwxkztzenmjum.jpeg 0.460090852727 0.220207253886 0.38418079096 0.158031088083 6069 0
/images/fk3sets_all/tsvd25010-triveni-400x400-imadwxkztzenmjum.jpeg 0.510938310354 0.484455958549 0.412429378531 0.181347150259 6070 0
/images/fk3sets_all/tsvd25010-triveni-400x400-imadwxkztzenmjum.jpeg 0.493989157811 0.715025906736 0.401129943503 0.176165803109 6071 0
/images/fk3sets_all/psu025a-platinum-400x400-imae2a5byyhmkgdv.jpeg 0.391541730007 0.440414507772 0.339901477833 0.181347150259 6072 0
/images/fk3sets_all/psu025a-platinum-400x400-imae2a5byyhmkgdv.jpeg 0.613216606854 0.673575129534 0.369458128079 0.212435233161 6073 0
/images/fk3sets_all/beauty9478-hypnotex-400x400-imaduexk5yp6h7qe.jpeg 0.228779417096 0.272020725389 0.515151515152 0.170984455959 6074 0
/images/fk3sets_all/beauty9478-hypnotex-400x400-imaduexk5yp6h7qe.jpeg 0.266658204975 0.523316062176 0.598484848485 0.209844559585 6075 0
/images/fk3sets_all/3308blu-cenizas-400x400-imadys6hgmhzfnck.jpeg 0.36499005486 0.256476683938 0.370588235294 0.194300518135 6076 0
/images/fk3sets_all/3308blu-cenizas-400x400-imadys6hgmhzfnck.jpeg 0.441460643095 0.564766839378 0.4 0.176165803109 6077 0
/images/fk3sets_all/jks12493-jaipur-kurti-400x400-imadz7y2qbmagzwj.jpeg 0.367677018449 0.256476683938 0.405405405405 0.152849740933 6078 0
/images/fk3sets_all/das-27501411-das-400x400-imaeyq72e8dzepgh.jpeg 0.366567201252 0.445595854922 0.26582278481 0.155440414508 6079 0
/images/fk3sets_all/30123360-cbazaar-400x400-imadykn5zjnxktab.jpeg 0.392645768042 0.401554404145 0.238493723849 0.142487046632 6080 0
/images/fk3sets_all/91875-boondh-free-400x400-imae2y4shdc47zgz.jpeg 0.43183312667 0.266839378238 0.185964912281 0.124352331606 6081 0
/images/fk3sets_all/d1401-dream-saree-400x400-imaeyx5tavpngh4v.jpeg 0.234329125189 0.259067357513 0.393548387097 0.155440414508 6082 0
/images/fk3sets_all/d1401-dream-saree-400x400-imaeyx5tavpngh4v.jpeg 0.544006544544 0.484455958549 0.451612903226 0.160621761658 6083 0
/images/fk3sets_all/sf100253-livaaz-400x400-imae2hhm4g9qcrzr.jpeg 0.321084537862 0.253886010363 0.403726708075 0.155440414508 6084 0
/images/fk3sets_all/30118080-cbazaar-400x400-imady5yth4pxzzbh.jpeg 0.41524842728 0.357512953368 0.362790697674 0.170984455959 6085 0
/images/fk3sets_all/sh11926-oswal-777-400x400-imae3gh3njup8ava.jpeg 0.316163314016 0.40932642487 0.440789473684 0.178756476684 6086 0
/images/fk3sets_all/sl-15471-stylelok-400x400-imaeykwqn2dhfn35.jpeg 0.194554937453 0.251295336788 0.233333333333 0.139896373057 6087 0
/images/fk3sets_all/qfgr6416-chhabra-555-400x400-imadqgs79rr2nmcz.jpeg 0.4690283698 0.215025906736 0.405405405405 0.152849740933 6088 0
/images/fk3sets_all/92281-parchayee-400x400-imae3c2gkhmxkhjs.jpeg 0.148253106452 0.419689119171 0.415584415584 0.170984455959 6089 0
/images/fk3sets_all/92526-boondh-free-400x400-imaeyph3fj7hp6kz.jpeg 0.453944708711 0.279792746114 0.225806451613 0.147668393782 6090 0
/images/fk3sets_all/289a-sudarshan-silks-400x400-imadp7yjfgnktfyk.jpeg 0.443982371968 0.256476683938 0.348066298343 0.160621761658 6091 0
/images/fk3sets_all/93097-parchayee-400x400-imaefag6bn7rvxgp.jpeg 0.522933467742 0.230569948187 0.370967741935 0.178756476684 6092 0
/images/fk3sets_all/sari-22-ssmitn-400x400-imaeymvm3mq79bvt.jpeg 0.228846153846 0.419689119171 0.530769230769 0.173575129534 6093 0
/images/fk3sets_all/oomsr8898al-fabdeal-400x400-imadtwnzf3ht8ryd.jpeg 0.366734046721 0.243523316062 0.423728813559 0.186528497409 6094 0
/images/fk3sets_all/hsr1905brtf-fablook-400x400-imaeypgvx3fgh4my.jpeg 0.224079211005 0.272020725389 0.537931034483 0.183937823834 6095 0
/images/fk3sets_all/tswv1330-triveni-400x400-imadzw6ggz4resws.jpeg 0.297002552512 0.365284974093 0.491017964072 0.209844559585 6096 0
/images/fk3sets_all/fhvi-11403-aasri-400x400-imae3d2sjwqbmasd.jpeg 0.380285502589 0.567357512953 0.33488372093 0.163212435233 6097 0
/images/fk3sets_all/tspe4310-triveni-400x400-imadu84bqe4zgy6h.jpeg 0.279400332943 0.468911917098 0.43956043956 0.20207253886 6098 0
/images/fk3sets_all/sedsr7685nh-ambaji-400x400-imadzwgmbhwpr8m3.jpeg 0.367019489247 0.479274611399 0.403225806452 0.183937823834 6099 0
/images/fk3sets_all/sedsr7685nh-ambaji-400x400-imadzwgmbhwpr8m3.jpeg 0.141213037634 0.39378238342 0.236559139785 0.132124352332 6100 0
/images/fk3sets_all/psu028a-platinum-400x400-imae2daca5k5vsz2.jpeg 0.517982868233 0.619170984456 0.289562289562 0.230569948187 6101 0
/images/fk3sets_all/lnfsr10135dwt-dyefab-400x400-imadsgsabhbhjaqw.jpeg 0.250348294166 0.435233160622 0.41935483871 0.165803108808 6102 0
/images/fk3sets_all/tam-pv5441-tamanna-fashions-400x400-imaeyh2fhagfjwyc.jpeg 0.259238060485 0.29792746114 0.510638297872 0.19170984456 6103 0
/images/fk3sets_all/0-0-sspk-prkwm-11-sspk-400x400-imae2fapkb2a7ysm.jpeg 0.155252365839 0.233160621762 0.386904761905 0.152849740933 6104 0
/images/fk3sets_all/4005-kiran-saree-400x400-imae39qsa6mkk8s9.jpeg 0.374227727501 0.222797927461 0.2071197411 0.145077720207 6105 0
/images/fk3sets_all/cs-104-corsage-s-400x400-imadsnfwthrurvew.jpeg 0.385132308346 0.116580310881 0.297213622291 0.272020725389 6106 0
/images/fk3sets_all/skt284-little-india-m-400x400-imae4gwrnhefdwk5.jpeg 0.425527036024 0.347150259067 0.311977715877 0.266839378238 6107 0
/images/fk3sets_all/16152b-fbbic-l-400x400-imae29zr7mhhnxab.jpeg 0.294234814851 0.150259067358 0.329710144928 0.227979274611 6108 0
/images/fk3sets_all/dg0005sk0002-oxolloxo-xl-400x400-imae3myunfejrhfz.jpeg 0.2002011584 0.178756476684 0.564935064935 0.222797927461 6109 0
/images/fk3sets_all/ntow15-0021-sttoffa-free-400x400-imaeykyyruht6mgu.jpeg 0.273038802608 0.183937823834 0.593548387097 0.243523316062 6110 0
/images/fk3sets_all/s00004-krazzy-collection-l-400x400-imaeyg88sbzhhhe4.jpeg 0.367737039162 0.468911917098 0.394160583942 0.29792746114 6111 0
/images/fk3sets_all/bh14multi-ethnic-trend-400x400-imadumfhmuxxjpah.jpeg 0.358585977147 0.225388601036 0.350427350427 0.108808290155 8013 0
/images/fk3sets_all/bh14multi-ethnic-trend-400x400-imadumfhmuxxjpah.jpeg 0.512432130993 0.40932642487 0.393162393162 0.119170984456 8014 0
/images/fk3sets_all/bh14multi-ethnic-trend-400x400-imadumfhmuxxjpah.jpeg 0.162004780566 0.70725388601 0.410256410256 0.116580310881 8015 0
/images/fk3sets_all/ameesha-srinidhi-silks-400x400-imadzzf5ujzf6gsd.jpeg 0.526053481961 0.740932642487 0.391304347826 0.147668393782 8016 0
/images/fk3sets_all/ameesha-srinidhi-silks-400x400-imadzzf5ujzf6gsd.jpeg 0.563320562706 0.427461139896 0.335403726708 0.139896373057 8017 0
/images/fk3sets_all/ameesha-srinidhi-silks-400x400-imadzzf5ujzf6gsd.jpeg 0.358351618607 0.240932642487 0.378881987578 0.145077720207 8018 0
/images/fk3sets_all/tsn32004-triveni-400x400-imaeffhfu6rky4jz.jpeg 0.189901753476 0.616580310881 0.453947368421 0.150259067358 8019 0
/images/fk3sets_all/fm10073-satrang-free-400x400-imadppnetnhjd54k.jpeg 0.460901481518 0.238341968912 0.173913043478 0.119170984456 8020 0
/images/fk3sets_all/gs769-8525-white-f-schelene-400x400-imadwzqsj2z7zfx2.jpeg 0.330142522262 0.222797927461 0.233898305085 0.178756476684 8021 0
/images/fk3sets_all/uznsr533aal-fabdeal-400x400-imaef4z4n9sygrsh.jpeg 0.54015648502 0.585492227979 0.396551724138 0.160621761658 8022 0
/images/fk3sets_all/uznsr533aal-fabdeal-400x400-imaef4z4n9sygrsh.jpeg 0.293030048239 0.435233160622 0.344827586207 0.165803108808 8023 0
/images/fk3sets_all/7018-hitansh-fashion-400x400-imadzdm2xrhwgza2.jpeg 0.349809169769 0.287564766839 0.28125 0.147668393782 8024 0
/images/fk3sets_all/7018-hitansh-fashion-400x400-imadzdm2xrhwgza2.jpeg 0.605017503103 0.60103626943 0.307291666667 0.158031088083 8025 0
/images/fk3sets_all/7018-hitansh-fashion-400x400-imadzdm2xrhwgza2.jpeg 0.256059169769 0.740932642487 0.291666666667 0.150259067358 8026 0
/images/fk3sets_all/gsm-436-bp-goyal-silk-mills-400x400-imae32zsbg2r2zmy.jpeg 0.288302121651 0.466321243523 0.257950530035 0.181347150259 8027 0
/images/fk3sets_all/ubg2sr8064bbtr-ambaji-400x400-imaefak38anrgyur.jpeg 0.625047090038 0.629533678756 0.311258278146 0.124352331606 8028 0
/images/fk3sets_all/ubg2sr8064bbtr-ambaji-400x400-imaefak38anrgyur.jpeg 0.22769609666 0.367875647668 0.470198675497 0.189119170984 8029 0
/images/fk3sets_all/fl-1113-a-yellow-f-florence-400x400-imadw5rxvgyfqq77.jpeg 0.16973466938 0.450777202073 0.265306122449 0.20207253886 8030 0
/images/fk3sets_all/fl-1113-a-yellow-f-florence-400x400-imadw5rxvgyfqq77.jpeg 0.465653036727 0.347150259067 0.224489795918 0.160621761658 8031 0
/images/fk3sets_all/fl-1113-a-yellow-f-florence-400x400-imadw5rxvgyfqq77.jpeg 0.445244873462 0.658031088083 0.251700680272 0.181347150259 8032 0
/images/fk3sets_all/40-18-gs64085-prafful-400x400-imaeyx5gn9ydtzqf.jpeg 0.353746810049 0.259067357513 0.289308176101 0.124352331606 8033 0
/images/fk3sets_all/sr4116-samyakk-400x400-imadw3xk36dttu9x.jpeg 0.581954103079 0.349740932642 0.372670807453 0.139896373057 8034 0
/images/fk3sets_all/bhs1318-bhavi-400x400-imae2yyjvrwbhfx7.jpeg 0.122801470908 0.730569948187 0.464968152866 0.181347150259 8035 0
/images/fk3sets_all/bhs1321-bhavi-400x400-imae2yyjxsuhpchx.jpeg 0.285148965969 0.435233160622 0.259259259259 0.160621761658 8036 0
/images/fk3sets_all/bhs1321-bhavi-400x400-imae2yyjxsuhpchx.jpeg 0.338646908356 0.199481865285 0.234567901235 0.152849740933 8037 0
/images/fk3sets_all/sar37-a-123-2dots-400x400-imae2pzg9zmcuyhb.jpeg 0.460507247248 0.251295336788 0.290640394089 0.160621761658 8038 0
/images/fk3sets_all/sar37-a-123-2dots-400x400-imae2pzg9zmcuyhb.jpeg 0.593512173357 0.572538860104 0.339901477833 0.158031088083 8039 0
/images/fk3sets_all/fks568-unnati-silks-400x400-imadu8yfjwfzzuzv.jpeg 0.378904042754 0.212435233161 0.364779874214 0.145077720207 8040 0
/images/fk3sets_all/fks568-unnati-silks-400x400-imadu8yfjwfzzuzv.jpeg 0.353746810049 0.417098445596 0.40251572327 0.150259067358 8041 0
/images/fk3sets_all/fks568-unnati-silks-400x400-imadu8yfjwfzzuzv.jpeg 0.366325426402 0.619170984456 0.421383647799 0.150259067358 8042 0
/images/fk3sets_all/tsn47003-triveni-400x400-imae3rdup47pd9zs.jpeg 0.479868746352 0.230569948187 0.350574712644 0.129533678756 8043 0
/images/fk3sets_all/tsn47003-triveni-400x400-imae3rdup47pd9zs.jpeg 0.3936618498 0.386010362694 0.373563218391 0.19170984456 8044 0
/images/fk3sets_all/tsn47003-triveni-400x400-imae3rdup47pd9zs.jpeg 0.330443458996 0.616580310881 0.442528735632 0.217616580311 8045 0
/images/fk3sets_all/whs00019-hawai-400x400-imadtfrxchaz4vpb.jpeg 0.337956048492 0.282383419689 0.278195488722 0.155440414508 8046 0
/images/fk3sets_all/whs00019-hawai-400x400-imadtfrxchaz4vpb.jpeg 0.416903416913 0.479274611399 0.236842105263 0.233160621762 8047 0
/images/fk3sets_all/whs00019-hawai-400x400-imadtfrxchaz4vpb.jpeg 0.443219206387 0.753886010363 0.221804511278 0.155440414508 8048 0
/images/fk3sets_all/tsvd25010-triveni-400x400-imadwxkztzenmjum.jpeg 0.460090852727 0.220207253886 0.38418079096 0.158031088083 8049 0
/images/fk3sets_all/tsvd25010-triveni-400x400-imadwxkztzenmjum.jpeg 0.510938310354 0.484455958549 0.412429378531 0.181347150259 8050 0
/images/fk3sets_all/tsvd25010-triveni-400x400-imadwxkztzenmjum.jpeg 0.493989157811 0.715025906736 0.401129943503 0.176165803109 8051 0
/images/fk3sets_all/psu025a-platinum-400x400-imae2a5byyhmkgdv.jpeg 0.391541730007 0.440414507772 0.339901477833 0.181347150259 8052 0
/images/fk3sets_all/psu025a-platinum-400x400-imae2a5byyhmkgdv.jpeg 0.613216606854 0.673575129534 0.369458128079 0.212435233161 8053 0
/images/fk3sets_all/beauty9478-hypnotex-400x400-imaduexk5yp6h7qe.jpeg 0.228779417096 0.272020725389 0.515151515152 0.170984455959 8054 0
/images/fk3sets_all/beauty9478-hypnotex-400x400-imaduexk5yp6h7qe.jpeg 0.266658204975 0.523316062176 0.598484848485 0.209844559585 8055 0
/images/fk3sets_all/3308blu-cenizas-400x400-imadys6hgmhzfnck.jpeg 0.36499005486 0.256476683938 0.370588235294 0.194300518135 8056 0
/images/fk3sets_all/3308blu-cenizas-400x400-imadys6hgmhzfnck.jpeg 0.441460643095 0.564766839378 0.4 0.176165803109 8057 0
/images/fk3sets_all/jks12493-jaipur-kurti-400x400-imadz7y2qbmagzwj.jpeg 0.367677018449 0.256476683938 0.405405405405 0.152849740933 8058 0
/images/fk3sets_all/das-27501411-das-400x400-imaeyq72e8dzepgh.jpeg 0.366567201252 0.445595854922 0.26582278481 0.155440414508 8059 0
/images/fk3sets_all/30123360-cbazaar-400x400-imadykn5zjnxktab.jpeg 0.392645768042 0.401554404145 0.238493723849 0.142487046632 8060 0
/images/fk3sets_all/91875-boondh-free-400x400-imae2y4shdc47zgz.jpeg 0.43183312667 0.266839378238 0.185964912281 0.124352331606 8061 0
/images/fk3sets_all/d1401-dream-saree-400x400-imaeyx5tavpngh4v.jpeg 0.234329125189 0.259067357513 0.393548387097 0.155440414508 8062 0
/images/fk3sets_all/d1401-dream-saree-400x400-imaeyx5tavpngh4v.jpeg 0.544006544544 0.484455958549 0.451612903226 0.160621761658 8063 0
/images/fk3sets_all/sf100253-livaaz-400x400-imae2hhm4g9qcrzr.jpeg 0.321084537862 0.253886010363 0.403726708075 0.155440414508 8064 0
/images/fk3sets_all/30118080-cbazaar-400x400-imady5yth4pxzzbh.jpeg 0.41524842728 0.357512953368 0.362790697674 0.170984455959 8065 0
/images/fk3sets_all/sh11926-oswal-777-400x400-imae3gh3njup8ava.jpeg 0.316163314016 0.40932642487 0.440789473684 0.178756476684 8066 0
/images/fk3sets_all/sl-15471-stylelok-400x400-imaeykwqn2dhfn35.jpeg 0.194554937453 0.251295336788 0.233333333333 0.139896373057 8067 0
/images/fk3sets_all/qfgr6416-chhabra-555-400x400-imadqgs79rr2nmcz.jpeg 0.4690283698 0.215025906736 0.405405405405 0.152849740933 8068 0
/images/fk3sets_all/92281-parchayee-400x400-imae3c2gkhmxkhjs.jpeg 0.148253106452 0.419689119171 0.415584415584 0.170984455959 8069 0
/images/fk3sets_all/92526-boondh-free-400x400-imaeyph3fj7hp6kz.jpeg 0.453944708711 0.279792746114 0.225806451613 0.147668393782 8070 0
/images/fk3sets_all/289a-sudarshan-silks-400x400-imadp7yjfgnktfyk.jpeg 0.443982371968 0.256476683938 0.348066298343 0.160621761658 8071 0
/images/fk3sets_all/93097-parchayee-400x400-imaefag6bn7rvxgp.jpeg 0.522933467742 0.230569948187 0.370967741935 0.178756476684 8072 0
/images/fk3sets_all/sari-22-ssmitn-400x400-imaeymvm3mq79bvt.jpeg 0.228846153846 0.419689119171 0.530769230769 0.173575129534 8073 0
/images/fk3sets_all/oomsr8898al-fabdeal-400x400-imadtwnzf3ht8ryd.jpeg 0.366734046721 0.243523316062 0.423728813559 0.186528497409 8074 0
/images/fk3sets_all/hsr1905brtf-fablook-400x400-imaeypgvx3fgh4my.jpeg 0.224079211005 0.272020725389 0.537931034483 0.183937823834 8075 0
/images/fk3sets_all/tswv1330-triveni-400x400-imadzw6ggz4resws.jpeg 0.297002552512 0.365284974093 0.491017964072 0.209844559585 8076 0
/images/fk3sets_all/fhvi-11403-aasri-400x400-imae3d2sjwqbmasd.jpeg 0.380285502589 0.567357512953 0.33488372093 0.163212435233 8077 0
/images/fk3sets_all/tspe4310-triveni-400x400-imadu84bqe4zgy6h.jpeg 0.279400332943 0.468911917098 0.43956043956 0.20207253886 8078 0
/images/fk3sets_all/sedsr7685nh-ambaji-400x400-imadzwgmbhwpr8m3.jpeg 0.367019489247 0.479274611399 0.403225806452 0.183937823834 8079 0
/images/fk3sets_all/sedsr7685nh-ambaji-400x400-imadzwgmbhwpr8m3.jpeg 0.141213037634 0.39378238342 0.236559139785 0.132124352332 8080 0
/images/fk3sets_all/psu028a-platinum-400x400-imae2daca5k5vsz2.jpeg 0.517982868233 0.619170984456 0.289562289562 0.230569948187 8081 0
/images/fk3sets_all/lnfsr10135dwt-dyefab-400x400-imadsgsabhbhjaqw.jpeg 0.250348294166 0.435233160622 0.41935483871 0.165803108808 8082 0
/images/fk3sets_all/tam-pv5441-tamanna-fashions-400x400-imaeyh2fhagfjwyc.jpeg 0.259238060485 0.29792746114 0.510638297872 0.19170984456 8083 0
/images/fk3sets_all/0-0-sspk-prkwm-11-sspk-400x400-imae2fapkb2a7ysm.jpeg 0.155252365839 0.233160621762 0.386904761905 0.152849740933 8084 0
/images/fk3sets_all/4005-kiran-saree-400x400-imae39qsa6mkk8s9.jpeg 0.374227727501 0.222797927461 0.2071197411 0.145077720207 8085 0
/images/fk3sets_all/cs-104-corsage-s-400x400-imadsnfwthrurvew.jpeg 0.385132308346 0.116580310881 0.297213622291 0.272020725389 8086 0
/images/fk3sets_all/skt284-little-india-m-400x400-imae4gwrnhefdwk5.jpeg 0.425527036024 0.347150259067 0.311977715877 0.266839378238 8087 0
/images/fk3sets_all/16152b-fbbic-l-400x400-imae29zr7mhhnxab.jpeg 0.294234814851 0.150259067358 0.329710144928 0.227979274611 8088 0
/images/fk3sets_all/dg0005sk0002-oxolloxo-xl-400x400-imae3myunfejrhfz.jpeg 0.2002011584 0.178756476684 0.564935064935 0.222797927461 8089 0
/images/fk3sets_all/ntow15-0021-sttoffa-free-400x400-imaeykyyruht6mgu.jpeg 0.273038802608 0.183937823834 0.593548387097 0.243523316062 8090 0
/images/fk3sets_all/s00004-krazzy-collection-l-400x400-imaeyg88sbzhhhe4.jpeg 0.367737039162 0.468911917098 0.394160583942 0.29792746114 8091 0
/images/fk3sets_all/db234020803180white-debenhams-blue-zoo-400x400-imadx6tgkzajtfsu.jpeg 0.347991635101 0.4325 0.29797979798 0.2825 8092 0
/images/fk3sets_all/ilw13i58048h-612-ivy-league-400x400-imadtta4qqgc8gtt.jpeg 0.355960445804 0.4175 0.29020979021 0.1825 8093 0
/images/fk3sets_all/nss13-804-nauti-nati-400x400-imadhgssfjcuaf89.jpeg 0.327988417832 0.4375 0.356643356643 0.235 8094 0
/images/fk3sets_all/gfadmacngt05d-goflaunt-l-400x400-imaefhczhfp7sh5n.jpeg 0.302096826425 0.45 0.40414507772 0.2075 8095 0
/images/fk3sets_all/hsyw-batman-2-0-sayitloud-xxl-400x400-imadvn4dpgweqyhh.jpeg 0.369377709538 0.435 0.28901734104 0.255 8096 0
/images/fk3sets_all/polo001-royalblue-the-cotton-company-xxl-400x400-imae2dhxnumwqpsz.jpeg 0.404744318182 0.4825 0.254545454545 0.195 8097 0
/images/fk3sets_all/tsx-polot-1289a-tsx-xxl-400x400-imae2xgg8gndhkxm.jpeg 0.41951171875 0.458563535912 0.18 0.223756906077 8098 0
/images/fk3sets_all/vts-195-vivaa-s-400x400-imaeyghg9z7v5usr.jpeg 0.26130922379 0.4275 0.314516129032 0.17 8099 0
/images/fk3sets_all/gmtshsb06white-color-plus-l-400x400-imadj57fa3znf4hv.jpeg 0.355960445804 0.4175 0.307692307692 0.2075 8100 0
/images/fk3sets_all/tsgey-po2-combo36-tsg-escape-m-400x400-imadxe7ucwthasa8.jpeg 0.385118849734 0.47 0.234042553191 0.185 8101 0
/images/fk3sets_all/bphwi1401sunshine-max-xxl-400x400-imae33xt9nnbucps.jpeg 0.345942283163 0.46 0.377551020408 0.1725 8102 0
/images/fk3sets_all/texmr2yellow-13-texfit-s-400x400-imadzcmhgwfqxzbt.jpeg 0.379192631965 0.4575 0.281524926686 0.2075 8103 0
/images/fk3sets_all/smc-0048-maroon-uv-w-m-400x400-imadnwc7pqfuty8d.jpeg 0.38043597028 0.4425 0.297202797203 0.2025 8104 0
/images/fk3sets_all/fmts5721-green-f-flying-machine-xl-400x400-imadt5g8qzvsgzrg.jpeg 0.506015625 0.445 0.246666666667 0.1525 8105 0
/images/fk3sets_all/kb3834-wh-milou-400x400-imaeyhzk6gghh69p.jpeg 0.404046474359 0.4825 0.267399267399 0.17 8106 0
/images/fk3sets_all/mkaw130270kclestial-blue-fs-mini-klub-400x400-imadp9agpexcenvr.jpeg 0.348967438811 0.4425 0.297202797203 0.1875 8107 0
/images/fk3sets_all/wsmct573q79bright-white-wills-lifestyle-m-400x400-imadttqswussku96.jpeg 0.397918487762 0.465 0.255244755245 0.1775 8108 0
/images/fk3sets_all/pkp51401670hxl-peter-england-xl-400x400-imae4pzfbgaf9awr.jpeg 0.358963815789 0.4425 0.280701754386 0.19 8109 0
/images/fk3sets_all/hstso52-harvest-m-400x400-imadp7yzdhjbhuks.jpeg 0.385016741071 0.47 0.292857142857 0.19 8110 0
/images/fk3sets_all/hu1002vnyel-humbert-m-400x400-imae3dv9eqxk97s7.jpeg 0.411948107798 0.485 0.339449541284 0.1925 8111 0
/images/fk3sets_all/4244-black-stride-m-400x400-imaeffzvqbezhevd.jpeg 0.332248263889 0.4675 0.383333333333 0.16 8112 0
/images/fk3sets_all/wtee124-1091-rigo-xl-400x400-imae39nthvdcaeeq.jpeg 0.440355829832 0.5325 0.336134453782 0.1975 8113 0
/images/fk3sets_all/put89-sportking-400x400-imaefhtamvtuuyuv.jpeg 0.426148736934 0.4925 0.222996515679 0.165 8114 0
/images/fk3sets_all/mptnew-po2-c38-tsg-escape-xl-400x400-imadudnnhpk98gub.jpeg 0.331112132353 0.5075 0.294117647059 0.195 8115 0
/images/fk3sets_all/w51928-medium-blue-adidas-m-400x400-imadp6y3sfjeztyt.jpeg 0.399348958333 0.4725 0.213333333333 0.17 8116 0
/images/fk3sets_all/13a3c78j1164i101-united-colors-of-benetton-m-400x400-imadnv94yckt92te.jpeg 0.334981424825 0.47 0.307692307692 0.215 8117 0
/images/fk3sets_all/vots0105-voi-jeans-400x400-imadekcqfmsxyekm.jpeg 0.325971283784 0.4875 0.432432432432 0.1975 8118 0
/images/fk3sets_all/f400-r-wred-kipsta-m-400x400-imadhc4fhzwfv7gd.jpeg 0.358963815789 0.495 0.315789473684 0.21 8119 0
/images/fk3sets_all/w-rnfs-solidbk-sayitloud-xs-400x400-imaeyksghkgcben5.jpeg 0.446869536713 0.53 0.272727272727 0.2025 8120 0
/images/fk3sets_all/82314101-puma-l-400x400-imadqw22qmye3cu5.jpeg 0.411904501748 0.5525 0.297202797203 0.2225 8121 0
/images/fk3sets_all/rcpt-m-nb-r-rb-rg-top-notch-s-400x400-imaeyyjsgufvdvvm.jpeg 0.42201171875 0.364806866953 0.21 0.309012875536 8122 0
/images/fk3sets_all/rlmp20913black-polo-ralph-lauren-xl-400x400-imadvvffr4nmcx2q.jpeg 0.422543637387 0.485 0.351351351351 0.1975 8123 0
/images/fk3sets_all/xteescnflaggreen-xtees-xxl-400x400-imaeyg77kzq5typm.jpeg 0.347941080729 0.4875 0.453125 0.1925 8124 0
/images/fk3sets_all/rnmg-1407106-teen-tees-42-400x400-imae2pmymctu5yy4.jpeg 0.470267303719 0.4725 0.322314049587 0.2075 8125 0
/images/fk3sets_all/254710117-light-grey-f-cherokee-m-400x400-imaey4cjjhz6acdg.jpeg 0.389575559701 0.435 0.348258706468 0.2375 8126 0
/images/fk3sets_all/131060689672-1384white-palm-tree-400x400-imae4hedgrdjsehw.jpeg 0.3484375 0.4525 0.298245614035 0.215 8127 0
/images/fk3sets_all/cs-tpn-m-4pln-blbugrrd-campus-sutra-l-400x400-imadv3y9m67mpjun.jpeg 0.444725895904 0.47 0.293515358362 0.19 8128 0
/images/fk3sets_all/254710061-dark-blue-f-cherokee-m-400x400-imaey4cjnsb84jrg.jpeg 0.377181154822 0.4325 0.416243654822 0.215 8129 0
/images/fk3sets_all/bt1cmf03bright-green-batman-400x400-imaeyfgwdqxjrmcz.jpeg 0.411904501748 0.425 0.258741258741 0.205 8130 0
/images/fk3sets_all/05119s13phkbtegrey-phineas-ferb-400x400-imadt333zhheqqmz.jpeg 0.352463942308 0.4525 0.311188811189 0.1875 8131 0
/images/fk3sets_all/tsgey-po6-combo2-tsg-escape-s-400x400-imadzrr46jhaquna.jpeg 0.40701171875 0.593984962406 0.1825 0.312030075188 8132 0
/images/fk3sets_all/usts1382white-u-s-polo-assn-m-400x400-imadh5e2b3cb6c3g.jpeg 0.376939466783 0.505 0.27972027972 0.1725 8133 0
/images/fk3sets_all/9020black-tee-party-l-400x400-imadty69jz54tnqb.jpeg 0.366684422348 0.4675 0.280303030303 0.1925 8134 0
/images/fk3sets_all/1ju31671royal-blue-jealous-21-s-400x400-imaduvcdugezvbb4.jpeg 0.408407998252 0.4925 0.244755244755 0.17 8135 0
/images/fk3sets_all/mto-09-dazzgear-m-400x400-imaeye34kznpttgk.jpeg 0.306115164975 0.4775 0.395939086294 0.1975 8136 0
/images/fk3sets_all/mks14173twhite-fs-mini-klub-400x400-imadv8fqzkmnjfpz.jpeg 0.355960445804 0.475 0.304195804196 0.205 8137 0
/images/fk3sets_all/81704115-puma-m-400x400-imadqredng49janu.jpeg 0.376939466783 0.5125 0.300699300699 0.1975 8138 0
/images/fk3sets_all/rloc-mp14-011-wht-red-line-s-400x400-imaeyxvhdnmjhxjg.jpeg 0.352835323034 0.4875 0.455056179775 0.2325 8139 0
/images/fk3sets_all/ils13i16010-612-ivy-league-400x400-imadmsdtsmfru5az.jpeg 0.38043597028 0.4425 0.213286713287 0.22 8140 0
/images/fk3sets_all/gu1pvn20-go-untucked-s-400x400-imadtamzhvfvggqr.jpeg 0.39349089196 0.525 0.366834170854 0.21 8141 0
/images/fk3sets_all/combo-henley-full-yellow-henley-full-royal-blue-unisopent-400x400-imae2tyhgexsqgpk.jpeg 0.482197377874 0.5375 0.224137931034 0.19 8142 0
/images/fk3sets_all/12p3084j2616i101-united-colors-of-benetton-m-400x400-imae2mkgfffkrksp.jpeg 0.405441810345 0.505 0.399014778325 0.2 8143 0
/images/fk3sets_all/gmteb0008blu03-gant-l-400x400-imadyd92gbdqnf6g.jpeg 0.340024038462 0.48 0.441025641026 0.21 8144 0
/images/fk3sets_all/13a3yq8c127ig24g-united-colors-of-benetton-400x400-imadtgm6zgmbyfkk.jpeg 0.415401005245 0.5025 0.286713286713 0.2025 8145 0
/images/fk3sets_all/bhw30blue-being-human-clothing-s-400x400-imadtsedy7herpfm.jpeg 0.381867215302 0.505 0.277580071174 0.2075 8146 0
/images/fk3sets_all/pvwwhitel6-white-f-positive-vibration-m-400x400-imadzyg7xpfmz3zy.jpeg 0.366688070776 0.485 0.351598173516 0.2275 8147 0
/images/fk3sets_all/usts2024earth-red-u-s-polo-assn-m-400x400-imaey9xytdfskxfd.jpeg 0.408245400433 0.52 0.4329004329 0.2575 8148 0
/images/fk3sets_all/ekp3130054-peter-england-m-400x400-imadmrzvnzvu828w.jpeg 0.338477928322 0.495 0.304195804196 0.1975 8149 0
/images/fk3sets_all/253174691blue-cherokee-kids-400x400-imadw67ynztkczaq.jpeg 0.293023382867 0.46 0.412587412587 0.26 8150 0
/images/fk3sets_all/2856light-grey-melange-duke-xl-400x400-imaddb4wa7ahgg4d.jpeg 0.326744342672 0.5025 0.387931034483 0.23 8151 0
/images/fk3sets_all/2875green-duke-m-400x400-imadfj7qjpsnckhu.jpeg 0.274513711735 0.49 0.438775510204 0.2025 8152 0
/images/fk3sets_all/2468d-purple-duke-400x400-imadsf9ntajyyykn.jpeg 0.348967438811 0.45 0.318181818182 0.235 8153 0
/images/fk3sets_all/lets7034grmel-wht-snstrd-lee-m-400x400-imadvgkhfgz8fdhb.jpeg 0.38043597028 0.5125 0.248251748252 0.2175 8154 0
/images/fk3sets_all/83085910kap-kap-puma-xl-400x400-imadupt4vu93femr.jpeg 0.356894253555 0.5575 0.345971563981 0.2325 8155 0
/images/fk3sets_all/splktr123-sportking-m-400x400-imadz398jdxuunkt.jpeg 0.255247201493 0.475 0.457711442786 0.21 8156 0
/images/fk3sets_all/2968-dark-grey-duke-l-400x400-imadp2vqwhvgtznp.jpeg 0.392931840551 0.455 0.271653543307 0.17 8157 0
/images/fk3sets_all/rc015orange-xmex-4xl-400x400-imadxyhyf385psbg.jpeg 0.39886404454 0.455 0.258620689655 0.2325 8158 0
/images/fk3sets_all/12a3094j267diblue-green-stripes901-united-colors-of-benetton-m-400x400-imadttqphnshxrf6.jpeg 0.401414991259 0.51 0.27972027972 0.195 8159 0
/images/fk3sets_all/8027-b-navy-s-blue-d-green-m-400x400-imaeyh2zppgmzpmw.jpeg 0.315984448357 0.48 0.370892018779 0.185 8160 0
/images/fk3sets_all/191913tb46-juscubs-400x400-imae2cbgfwhg82uk.jpeg 0.37951171875 0.497311827957 0.2125 0.279569892473 8161 0
/images/fk3sets_all/xmkx02027-b7-parx-40-400x400-imadxu3kfmwbkxar.jpeg 0.412138967803 0.5125 0.284090909091 0.1725 8162 0
/images/fk3sets_all/s1210206-056-lotto-m-400x400-imadx93jzmgkfzhh.jpeg 0.355042303493 0.485 0.375545851528 0.22 8163 0
/images/fk3sets_all/214029393maroon-collar-multi-stripe-monte-carlo-m-400x400-imadwqbfrzg9wzz8.jpeg 0.361967643805 0.495 0.362831858407 0.225 8164 0
/images/fk3sets_all/131wthstnv2-navy-american-swan-s-400x400-imadpvaskgz5gajs.jpeg 0.38043597028 0.5075 0.255244755245 0.15 8165 0
/images/fk3sets_all/vulcan-65-a-classic-polo-l-400x400-imaddgpwk8dmdszy.jpeg 0.380386700913 0.515 0.319634703196 0.16 8166 0
/images/fk3sets_all/mpolohs21navy-american-swan-xxl-400x400-imadgtjjwbzfqfzy.jpeg 0.36085109447 0.4825 0.423963133641 0.225 8167 0
/images/fk3sets_all/p-58004-violet-carve-xl-400x400-imaeyeh9gqkgmyrj.jpeg 0.327107747396 0.5475 0.375 0.1725 8168 0
/images/fk3sets_all/stripe-polo-3-yellow-classic-usi-s-400x400-imade8znr6es4xgh.jpeg 0.285097947761 0.48 0.457711442786 0.22 8169 0
/images/fk3sets_all/141mthspcs9-federal-blue-american-swan-m-400x400-imadup2eszat7gmf.jpeg 0.404911494755 0.47 0.314685314685 0.225 8170 0
/images/fk3sets_all/pkp51305637green-peter-england-m-400x400-imadxncg3bbn8dpg.jpeg 0.390021306818 0.5075 0.340909090909 0.175 8171 0
/images/fk3sets_all/9387navy-duke-400x400-imadu5ye9ch3qdz3.jpeg 0.383932473776 0.475 0.27972027972 0.1975 8172 0
/images/fk3sets_all/nmfnhz432-dark-blue-f-numero-uno-s-400x400-imadwygdp4tswa8d.jpeg 0.314435529279 0.43 0.364864864865 0.1825 8173 0
/images/fk3sets_all/81925101-puma-xl-400x400-imadqx8btnfxffdf.jpeg 0.324491914336 0.43 0.297202797203 0.2125 8174 0
/images/fk3sets_all/m-230522xkellygreen-a-uv-w-m-400x400-imadvxfndjzpp3rh.jpeg 0.390925480769 0.5025 0.199300699301 0.17 8175 0
/images/fk3sets_all/rkb5608sky-blue-peter-england-m-400x400-imae24chcns8crrt.jpeg 0.360626352814 0.505 0.402597402597 0.2025 8176 0
/images/fk3sets_all/214029225-0whiteblue-monte-carlo-m-400x400-imadx7t6gwsuqnby.jpeg 0.362121860731 0.5025 0.369863013699 0.205 8177 0
/images/fk3sets_all/56abr-dk-blue-french-connection-m-400x400-imadvgmy6xts6qb8.jpeg 0.43987652972 0.5275 0.269230769231 0.1775 8178 0
/images/fk3sets_all/fp-13-2207678yellow-black-crocodile-m-400x400-imadwtgm7ddcxsre.jpeg 0.400913783482 0.495 0.379464285714 0.205 8179 0
/images/fk3sets_all/wsmct621b62true-red-wills-lifestyle-m-400x400-imadv8vtk3bsvxjj.jpeg 0.415401005245 0.5075 0.262237762238 0.1775 8180 0
/images/fk3sets_all/nyw14-05golden-yellow-kid-studio-400x400-imaefgc6zkxtu768.jpeg 0.359456949301 0.435 0.304195804196 0.195 8181 0
/images/fk3sets_all/wrts3239-medium-blue-wrangler-xl-400x400-imadp6yf994eaqrr.jpeg 0.429527407787 0.43 0.311475409836 0.2125 8182 0
/images/fk3sets_all/p10101155672219navy-red-people-m-400x400-imadutywugmnmthr.jpeg 0.451986958661 0.5325 0.299212598425 0.155 8183 0
/images/fk3sets_all/2983black-duke-xxl-400x400-imadjjnrhybgqewn.jpeg 0.376939466783 0.495 0.244755244755 0.2125 8184 0
/images/fk3sets_all/la-106601-little-aiva-2-3-y-400x400-imadpmpz2hpukssc.jpeg 0.427873883929 0.56 0.242857142857 0.185 8185 0
/images/fk3sets_all/nitro-52-a-classic-polo-l-400x400-imaddkvew599kjpz.jpeg 0.284317735602 0.4575 0.403141361257 0.19 8186 0
/images/fk3sets_all/s1310207-001-lotto-s-400x400-imadxtzezbf8rf26.jpeg 0.428323997642 0.5125 0.349056603774 0.1875 8187 0
/images/fk3sets_all/12077507-dress-blues-jack-jones-m-400x400-imadyc36yjua6mhz.jpeg 0.392327724359 0.3525 0.311965811966 0.195 8188 0
/images/fk3sets_all/mfk-2270maroon-mufti-xxl-400x400-imadd9xm9kxjgtsf.jpeg 0.33476379108 0.495 0.394366197183 0.1875 8189 0
/images/fk3sets_all/p10101153357314blue-people-s-400x400-imadxpzxvhy8q3nj.jpeg 0.384445440574 0.4675 0.381147540984 0.2275 8190 0
/images/fk3sets_all/10828black-deal-jeans-l-400x400-imadqcu4shasyfry.jpeg 0.394421984266 0.4975 0.283216783217 0.185 8191 0
/images/fk3sets_all/rvd014-silver-spring-s-400x400-imae2m25azedc82c.jpeg 0.334849191542 0.4925 0.412935323383 0.2 8192 0
/images/fk3sets_all/337505500-fox-400x400-imaeyzcxnfwcujqt.jpeg 0.408407998252 0.4725 0.27972027972 0.1825 8193 0
/images/fk3sets_all/gl6138-sf-sj-whtblk-guy-london-l-400x400-imaef2ts2vsugffc.jpeg 0.305819746377 0.5025 0.43961352657 0.2425 8194 0
/images/fk3sets_all/iws-1339navy-white-in-excess-m-400x400-imadpehezu4shbyq.jpeg 0.348967438811 0.5025 0.286713286713 0.23 8195 0
/images/fk3sets_all/tattoo-1315a-crocodile-m-400x400-imadmvz92vtdbznt.jpeg 0.317498907343 0.4875 0.367132867133 0.2675 8196 0
/images/fk3sets_all/rocco-1214-crocodile-xl-400x400-imaddpeh2sdgjxmz.jpeg 0.280122823383 0.4325 0.44776119403 0.23 8197 0
/images/fk3sets_all/otss283-hf-jansons-m-400x400-imae3sd9c7jnmnhc.jpeg 0.185234837278 0.355 0.491124260355 0.23 8198 0
/images/fk3sets_all/3567charcoal-duke-m-400x400-imadhq84xcek8wqm.jpeg 0.38043597028 0.4575 0.265734265734 0.2175 8199 0
/images/fk3sets_all/12p3a84j4541i902-united-colors-of-benetton-el-400x400-imaddcb97hbgh4hz.jpeg 0.446141581633 0.52 0.34693877551 0.2175 8200 0
/images/fk3sets_all/ekp51403470hs-peter-england-s-400x400-imaeytwrgzwzkcku.jpeg 0.440893020073 0.485 0.255474452555 0.2125 8201 0
/images/fk3sets_all/vhkp314m00270-van-heusen-l-400x400-imadtyzy4eg7kgdt.jpeg 0.36994645979 0.4925 0.391608391608 0.2625 8202 0
/images/fk3sets_all/ib2tihpraw1246pink-hello-kitty-400x400-imadp3dqdyxzbz4m.jpeg 0.474841564685 0.4975 0.227272727273 0.2075 8203 0
/images/fk3sets_all/8900indigo-duke-xxl-400x400-imadfg5gg8pjzrys.jpeg 0.376554528061 0.51 0.352040816327 0.1875 8204 0
/images/fk3sets_all/1pr01861red-the-privilege-club-40-400x400-imaduwh8qtdxjft5.jpeg 0.383932473776 0.52 0.426573426573 0.2725 8205 0
/images/fk3sets_all/2717-dark-blue-f-stride-xxl-400x400-imadzna7fzjwbwcs.jpeg 0.456430288462 0.44 0.346153846154 0.235 8206 0
/images/fk3sets_all/247569750black-ruggers-m-400x400-imadq23zrgjpx3rm.jpeg 0.418897508741 0.535 0.262237762238 0.205 8207 0
/images/fk3sets_all/engineered02-aw-121-crocodile-39-400x400-imadmwrwdpdkwcbb.jpeg 0.334981424825 0.4925 0.321678321678 0.2025 8208 0
/images/fk3sets_all/2308white-duke-m-400x400-imade7hrngybzne3.jpeg 0.338699930939 0.5175 0.491712707182 0.2175 8209 0
/images/fk3sets_all/247588361lt-blue-ruggers-m-400x400-imadsgtdrybwgydf.jpeg 0.355960445804 0.49 0.36013986014 0.2525 8210 0
/images/fk3sets_all/wrts2747-wrangler-xl-400x400-imade2frpghpbuev.jpeg 0.343239635678 0.475 0.497487437186 0.2475 8211 0
/images/fk3sets_all/3065l-grey-melange-duke-m-400x400-imadqjhgqqzxfhcu.jpeg 0.324491914336 0.4925 0.325174825175 0.2025 8212 0
/images/fk3sets_all/quest-13-2592bright-cobalt-dark-citron-crocodile-m-400x400-imadwtgmybxs5dn6.jpeg 0.353543133803 0.48 0.450704225352 0.23 8213 0
/images/fk3sets_all/1009-earls777-m-400x400-imadpxr9tcbsbjeb.jpeg 0.354128925121 0.47 0.463768115942 0.2075 8214 0
/images/fk3sets_all/717-00009indigo-y-d-sturdy-400x400-imadpahjh2xzh7dw.jpeg 0.366449956294 0.4775 0.328671328671 0.2525 8215 0
/images/fk3sets_all/sjkn000247-slub-junior-400x400-imadvx247mk2uajz.jpeg 0.334981424825 0.4875 0.346153846154 0.22 8216 0
/images/fk3sets_all/zgts0197turq-izod-xl-400x400-imadgygnajgystxz.jpeg 0.352463942308 0.495 0.339160839161 0.21 8217 0
/images/fk3sets_all/13656fsred-k-mark-m-400x400-imadqhjdhh9t7vvk.jpeg 0.383932473776 0.515 0.346153846154 0.2275 8218 0
/images/fk3sets_all/9053416000000-chicco-400x400-imae5hnymdtgavnm.jpeg 0.404577850877 0.4525 0.280701754386 0.205 8219 0
/images/fk3sets_all/lf1662-medium-blue-f-duke-l-400x400-imadyvsk5hrprfbh.jpeg 0.414310515873 0.445 0.444444444444 0.23 8220 0
/images/fk3sets_all/13a3ap1j2000i902-united-colors-of-benetton-m-400x400-imadzgbya7puyxbq.jpeg 0.411904501748 0.4875 0.353146853147 0.2575 8221 0
/images/fk3sets_all/214029274collar-sea-green-striped-monte-carlo-m-400x400-imadwqb35vaxfxpc.jpeg 0.380722313596 0.5025 0.421052631579 0.245 8222 0
/images/fk3sets_all/8065-b-g-green-white-d-green-xxl-400x400-imaefeqgmcmtgxsg.jpeg 0.273652129121 0.475 0.467032967033 0.225 8223 0
/images/fk3sets_all/245305646blue-cherokee-m-400x400-imadkzegu3fzwj6z.jpeg 0.432883522727 0.525 0.318181818182 0.23 8224 0
/images/fk3sets_all/1pr01931deep-navy-the-privilege-club-40-400x400-imaduvhgzyytbefg.jpeg 0.469980540293 0.5175 0.300366300366 0.265 8225 0
/images/fk3sets_all/rvd013-silver-spring-l-400x400-imae2m24q2qysqru.jpeg 0.336386064593 0.535 0.373205741627 0.205 8226 0
/images/fk3sets_all/aw14-gua-1883r-ollington-st-collection-400x400-imaef2h9kgdyx6ey.jpeg 0.38201171875 0.536931818182 0.2875 0.340909090909 8227 0
/images/fk3sets_all/p10101153361316red-people-s-400x400-imadxpzuh92qjdmc.jpeg 0.481679858079 0.545 0.349344978166 0.175 8228 0
/images/fk3sets_all/mn-230568dress-blue-uv-w-m-400x400-imadvw7cr93rushr.jpeg 0.418897508741 0.4975 0.304195804196 0.205 8229 0
/images/fk3sets_all/514030126blue-monte-carlo-400x400-imadxefr8teuwqha.jpeg 0.43987652972 0.53 0.339160839161 0.2325 8230 0
/images/fk3sets_all/vots0191milange-with-teal-voi-jeans-m-400x400-imads6tmup3nafhy.jpeg 0.453862543706 0.55 0.286713286713 0.21 8231 0
/images/fk3sets_all/yarn-dyed-8002-right-shape-l-400x400-imaeygk6a74nvahr.jpeg 0.389036744505 0.51 0.401098901099 0.1975 8232 0
/images/fk3sets_all/7080black-duke-400x400-imadu5ybxd8yuzvw.jpeg 0.432883522727 0.5025 0.251748251748 0.195 8233 0
/images/fk3sets_all/1sr34261yellow-scullers-m-400x400-imadw5yaftdkukvm.jpeg 0.348967438811 0.535 0.367132867133 0.3075 8234 0
/images/fk3sets_all/sg2009s9h-sting-m-400x400-imaeyf39jfpamesy.jpeg 0.36339377572 0.56 0.333333333333 0.2075 8235 0
/images/fk3sets_all/lcots-4141-lco30-c-hp-rf-ctroyal-lee-cooper-m-400x400-imadxn5q6pequehu.jpeg 0.432034337945 0.5 0.347826086957 0.2075 8236 0
/images/fk3sets_all/m-230518xblossom-b-uv-w-m-400x400-imadvw7gyhar6xcq.jpeg 0.36994645979 0.4975 0.286713286713 0.215 8237 0
/images/fk3sets_all/uranus-14white-blue-black-crocodile-40-400x400-imadwtakzhhwuxpt.jpeg 0.325020926339 0.425 0.455357142857 0.23 8238 0
/images/fk3sets_all/5200yellow-duke-xl-400x400-imadfg3cwn3ykyaa.jpeg 0.412574404762 0.445 0.536796536797 0.2525 8239 0
/images/fk3sets_all/4166-r-green-stride-xl-400x400-imaeffzvpg9pvhfy.jpeg 0.361105913174 0.37 0.51497005988 0.2475 8240 0
/images/fk3sets_all/vskp313s0311-van-heusen-sport-xl-400x400-imadhgfy9fyayqjm.jpeg 0.432883522727 0.46 0.300699300699 0.265 8241 0
/images/fk3sets_all/lets5883cabernet-forest-grren-lee-m-400x400-imadrmsqdcfpeeeh.jpeg 0.38043597028 0.4325 0.300699300699 0.255 8242 0
/images/fk3sets_all/rlmp-zc14-015-red-line-s-400x400-imaeyxvhaurj84bg.jpeg 0.269858589385 0.425 0.54748603352 0.26 8243 0
/images/fk3sets_all/rocco-13153-crocodile-xl-400x400-imadk6h3pkfqkse5.jpeg 0.352463942308 0.4625 0.300699300699 0.22 8244 0
/images/fk3sets_all/polo-stri-2-egg-plant-usi-l-400x400-imadhy84qgvhnk5v.jpeg 0.33121875 0.4425 0.316 0.215 8245 0
/images/fk3sets_all/aw11wtshta-06-bg-wt-vo-bombay-high-s-400x400-imadxgshsh2kkvk6.jpeg 0.455270127119 0.42 0.2 0.1675 8246 0
/images/fk3sets_all/110270101-design-roadies-s-400x400-imadzfezyfbfmydu.jpeg 0.286195146277 0.385 0.489361702128 0.2575 8247 0
/images/fk3sets_all/bsp-1148-red-mudo-l-400x400-imadxauwhvs3k2zz.jpeg 0.176369287634 0.2625 0.569892473118 0.29 8248 0
/images/fk3sets_all/ju3260-dark-red-f-jealous-21-34-400x400-imaeffby8edzqhgk.jpeg 0.337659610215 0.405 0.435483870968 0.2025 8249 0
/images/fk3sets_all/rcpt-b-dy-r-rb-w-top-notch-s-400x400-imaeyyjsezfymfnh.jpeg 0.42201171875 0.411764705882 0.175 0.319327731092 8250 0
/images/fk3sets_all/1hr08791-medium-blue-f-urban-yoga-l-400x400-imadzna7rweppbzf.jpeg 0.356866776316 0.385 0.436842105263 0.2125 8251 0
/images/fk3sets_all/alkc513c00277blue-allen-solly-m-400x400-imadxmgvm4pqwvag.jpeg 0.468851461039 0.4275 0.320346320346 0.22 8252 0
/images/fk3sets_all/epr-rtpn-m-5pln-red-blk-bdy-mgo-sky-eprilla-42-400x400-imaeyjz94hfe5thg.jpeg 0.40701171875 0.461206896552 0.1675 0.35775862069 8253 0
/images/fk3sets_all/lf1588m-grey-melange-duke-m-400x400-imadn8vz5ydwuz5r.jpeg 0.36994645979 0.4625 0.342657342657 0.3025 8254 0
/images/fk3sets_all/14a3089c3322g31b-united-colors-of-benetton-400x400-imadzzxy2pmt9dhz.jpeg 0.320995410839 0.3975 0.34965034965 0.2675 8255 0
/images/fk3sets_all/z11354shift-grey-f11-ashworth-m-400x400-imadd9y8ap6yjzdz.jpeg 0.385871167453 0.46 0.396226415094 0.245 8256 0
/images/fk3sets_all/13p3bbqe4340g-black-f-united-colors-of-benetton-l-400x400-imadt5f4vvsqqwza.jpeg 0.348728950777 0.425 0.487046632124 0.2475 8257 0
/images/fk3sets_all/usts1838-u-s-polo-assn-m-400x400-imadvphhwkxwhbjr.jpeg 0.388994832677 0.5 0.342519685039 0.2425 8258 0
/images/fk3sets_all/ntr-g-londoner-m-400x400-imadx7tfwxqh69mk.jpeg 0.405861659357 0.49 0.233918128655 0.2125 8259 0
/images/fk3sets_all/51809-0001real-teal-levi-s-m-400x400-imadpdh9apexz44y.jpeg 0.38043597028 0.495 0.34965034965 0.2525 8260 0
/images/fk3sets_all/56707101-puma-l-400x400-imaeyc5mcerzyjck.jpeg 0.287326388889 0.4325 0.539682539683 0.28 8261 0
/images/fk3sets_all/tsx-polot-23578-tsx-l-400x400-imae2xggzffqtgf9.jpeg 0.36451171875 0.447513812155 0.33 0.270718232044 8262 0
/images/fk3sets_all/akly7406grey-melange-arrow-m-400x400-imadhjv7jzfashcu.jpeg 0.341974431818 0.475 0.311188811189 0.2475 8263 0
/images/fk3sets_all/1xr01741-scullers-sport-40-400x400-imadwdffvdggpxhf.jpeg 0.346317997685 0.46 0.393518518519 0.225 8264 0
/images/fk3sets_all/cmfnhz11royal-blue-numero-uno-m-400x400-imadwf37ehsjgd4g.jpeg 0.287815434272 0.495 0.507042253521 0.24 8265 0
/images/fk3sets_all/fp-13-1101combo-3-crocodile-m-400x400-imadtx24xj2qvccj.jpeg 0.36994645979 0.485 0.388111888112 0.2075 8266 0
/images/fk3sets_all/bhw-027grey-mlng-being-human-s-400x400-imadrysndvk2af4s.jpeg 0.303512893357 0.4475 0.374125874126 0.255 8267 0
/images/fk3sets_all/tee3206magenta-nun-s-400x400-imadmezefhwdywhh.jpeg 0.324491914336 0.41 0.440559440559 0.29 8268 0
/images/fk3sets_all/xmkx02315-b7-blue-parx-39-400x400-imaeyqkszpz9yfdg.jpeg 0.44205994898 0.5 0.363265306122 0.265 8269 0
/images/fk3sets_all/g72565colnav-blubea-adidas-m-400x400-imadpv6vfkqgncua.jpeg 0.355960445804 0.5 0.332167832168 0.235 8270 0
/images/fk3sets_all/lf5000heather-grey-duke-m-400x400-imadxdeydvw9ersf.jpeg 0.301814742152 0.5225 0.434977578475 0.22 8271 0
/images/fk3sets_all/cs-jr-m-2pln-yebu-campus-sutra-l-400x400-imadv3y7nkj7cv6p.jpeg 0.311479896497 0.5125 0.347133757962 0.2325 8272 0
/images/fk3sets_all/gu5pp5-go-untucked-s-400x400-imadtap62x7hhttd.jpeg 0.41951171875 0.527659574468 0.1475 0.23829787234 8273 0
/images/fk3sets_all/rpts000404ebony-regent-polo-club-m-400x400-imadu5zyggdjfzv6.jpeg 0.352463942308 0.4475 0.269230769231 0.2825 8274 0
/images/fk3sets_all/tsx-polot-12378-tsx-m-400x400-imae2xghhedehh4t.jpeg 0.37701171875 0.491712707182 0.2775 0.295580110497 8275 0
/images/fk3sets_all/131mthspcs1-ivgrivy-green-american-swan-m-400x400-imadrydczcwczzes.jpeg 0.345470935315 0.5125 0.381118881119 0.2375 8276 0
/images/fk3sets_all/numero-13-2dark-red-crocodile-40-400x400-imadqcbhpbbgm2by.jpeg 0.282533872378 0.48 0.41958041958 0.245 8277 0
/images/fk3sets_all/usts1597-u-s-polo-assn-xxl-400x400-imadsx5zgmyrfrya.jpeg 0.331484921329 0.4 0.335664335664 0.2875 8278 0
/images/fk3sets_all/polo001combo-red-green-the-cotton-company-xl-400x400-imaefdweajb5ygvh.jpeg 0.3515625 0.475 0.357388316151 0.2625 8279 0
/images/fk3sets_all/3368bright-green-duke-m-400x400-imadumnshujxtsz8.jpeg 0.352463942308 0.4925 0.335664335664 0.2825 8280 0
/images/fk3sets_all/t1602-brown-bows-400x400-imaeyfsr9f4xh4x9.jpeg 0.43201171875 0.524934383202 0.2475 0.267716535433 8281 0
/images/fk3sets_all/cli-mtscombo15-clifton-m-400x400-imadzaz75gmafpjg.jpeg 0.43987652972 0.465 0.374125874126 0.2575 8282 0
/images/fk3sets_all/13531pin-lanosuc-400x400-imadzjy2jgtggdaz.jpeg 0.352864583333 0.4275 0.491869918699 0.32 8283 0
/images/fk3sets_all/t106-dark-blue-f-dreamberry-l-400x400-imady9fz874vm3vz.jpeg 0.498955548128 0.455 0.513368983957 0.245 8284 0
/images/fk3sets_all/texmr3sgreysgreynavy-265-texfit-l-400x400-imaeyqb7tha7pyxw.jpeg 0.453018271858 0.47 0.234972677596 0.255 8285 0
/images/fk3sets_all/f-mt-0287red-ocenab-blue-sdl-by-sweet-dreams-m-400x400-imadz5w72hfwkdpq.jpeg 0.464722102076 0.4975 0.221453287197 0.1775 8286 0
/images/fk3sets_all/gfaacpso10-goflaunt-m-400x400-imaefhcy9ysysvwc.jpeg 0.30002221564 0.4275 0.521327014218 0.27 8287 0
/images/fk3sets_all/1000143-t10-sports-m-400x400-imae2284j4d8dkgy.jpeg 0.435475852273 0.49 0.386363636364 0.22 8288 0
/images/fk3sets_all/is-14003black-inexcess-m-400x400-imadvx6e398zyfhx.jpeg 0.36994645979 0.47 0.321678321678 0.21 8289 0
/images/fk3sets_all/ita13swd043charcoal-melange-indian-terrain-m-400x400-imadwdyxs5x3gd8m.jpeg 0.446976902174 0.4525 0.421739130435 0.255 8290 0
/images/fk3sets_all/14p3gi4c3342g14y-united-colors-of-benetton-400x400-imaduyy8q3tgawcj.jpeg 0.352463942308 0.43 0.384615384615 0.215 8291 0
/images/fk3sets_all/589aligator-13papyrus-crocodile-m-400x400-imadzbwdah5ggpcp.jpeg 0.425890515734 0.485 0.216783216783 0.185 8292 0
/images/fk3sets_all/perkcreamy-cloud-breakbounce-m-400x400-imadrmh5mfd7e8f7.jpeg 0.432883522727 0.4725 0.276223776224 0.1875 8293 0
/images/fk3sets_all/p10101156488424camo-olive-people-m-400x400-imae3r8cw7xadhvh.jpeg 0.404741148069 0.505 0.326180257511 0.235 8294 0
/images/fk3sets_all/13p3089j1240i21b-united-colors-of-benetton-s-400x400-imadgafpdmg6gcy4.jpeg 0.345470935315 0.4925 0.367132867133 0.255 8295 0
/images/fk3sets_all/gu5pp24-go-untucked-s-400x400-imadtamvvygbbaav.jpeg 0.47701171875 0.455319148936 0.195 0.387234042553 8296 0
/images/fk3sets_all/w-rnhs-solidpk-sayitloud-xs-400x400-imaeyksh5ezkvgwh.jpeg 0.401964502427 0.44 0.466019417476 0.235 8297 0
/images/fk3sets_all/mtf-03-mr-tee-s-400x400-imae3f7jwrzcjzut.jpeg 0.305550759669 0.435 0.513812154696 0.2325 8298 0
/images/fk3sets_all/spencer-white-f-freecultr-s-400x400-imady9fnusparyqz.jpeg 0.311374181223 0.45 0.362445414847 0.215 8299 0
/images/fk3sets_all/gu1pp3-go-untucked-s-400x400-imadtap2wrhnnzzv.jpeg 0.334805253623 0.4575 0.43961352657 0.2525 8300 0
/images/fk3sets_all/ble-tpn-m-4pln-blk-lgn-ylw-gry-ble-36-400x400-imady9jf4vnkzxpm.jpeg 0.40201171875 0.486910994764 0.2175 0.225130890052 8301 0
/images/fk3sets_all/mtf-09-mr-tee-l-400x400-imae3f7j4nudg5ut.jpeg 0.361400462963 0.46 0.42328042328 0.195 8302 0
/images/fk3sets_all/z3ts0023aink-izod-m-400x400-imadxhzwehxuw4hr.jpeg 0.423244964455 0.4675 0.440758293839 0.2325 8303 0
/images/fk3sets_all/its14tsk152sskap-kap-flying-machine-l-400x400-imaduptfm64ugn74.jpeg 0.456126143293 0.52 0.420731707317 0.2 8304 0
/images/fk3sets_all/rst3412green-riverstone-m-400x400-imadpaaw6wswf36h.jpeg 0.314777444649 0.4575 0.387453874539 0.25 8305 0
/images/fk3sets_all/rlm9025black-polo-ralph-lauren-m-400x400-imadvk2upgyvt9gx.jpeg 0.397918487762 0.5 0.300699300699 0.225 8306 0
/images/fk3sets_all/gp032-grass-s-400x400-imadzff9tshdegkz.jpeg 0.369253305288 0.505 0.466346153846 0.2325 8307 0
/images/fk3sets_all/tsx-polot-1678-tsx-l-400x400-imae2xghcwkag4f9.jpeg 0.40951171875 0.476454293629 0.255 0.257617728532 8308 0
/images/fk3sets_all/rpts000307-regent-polo-club-xl-400x400-imadp6ty2whnqghb.jpeg 0.38043597028 0.5175 0.230769230769 0.1775 8309 0
/images/fk3sets_all/awct313c0592-pink-f-allen-solly-m-400x400-imadtszrcnn6krfh.jpeg 0.424724264706 0.45 0.372549019608 0.2325 8310 0
/images/fk3sets_all/ft4b201202207209-fundoo-t-m-400x400-imae26gjwt9xuxzk.jpeg 0.453327629683 0.4925 0.256484149856 0.19 8311 0
/images/fk3sets_all/kallcandy-orange-riot-m-400x400-imadzmyhk3knwgzp.jpeg 0.418897508741 0.5175 0.346153846154 0.215 8312 0
/images/fk3sets_all/ithcp32b-grey-f-inego-s-400x400-imadxa6nz3vgnvnz.jpeg 0.368489583333 0.4725 0.45045045045 0.24 8313 0
/images/fk3sets_all/brittan-pink-design-classics-s-400x400-imadxgzpcbktnjuh.jpeg 0.394399578652 0.5275 0.449438202247 0.29 8314 0
/images/fk3sets_all/z3ts0010bgreenhs-izod-m-400x400-imaeyvy9y8523dhr.jpeg 0.477411684783 0.44 0.469565217391 0.27 8315 0
/images/fk3sets_all/workout-ngrey-marl-crocodile-m-400x400-imadggfqdgzgutfy.jpeg 0.355960445804 0.4475 0.286713286713 0.2025 8316 0
/images/fk3sets_all/122135527686-1229-gini-jony-400x400-imadknrcurw7tsru.jpeg 0.436380026224 0.485 0.27972027972 0.1975 8317 0
/images/fk3sets_all/rpts000309green-glow-regent-polo-club-m-400x400-imadzkh6x6cqrdyr.jpeg 0.341974431818 0.475 0.248251748252 0.1775 8318 0
/images/fk3sets_all/51013802-puma-s-400x400-imadkyfqdzcjtyfp.jpeg 0.36994645979 0.475 0.321678321678 0.23 8319 0
/images/fk3sets_all/v37942-adidas-m-400x400-imadjr3jyxhb3ygv.jpeg 0.371967953258 0.3675 0.317280453258 0.2825 8320 0
/images/fk3sets_all/lkb-452-rbl-little-kangaroos-400x400-imadvn9hqjgbmyxf.jpeg 0.397918487762 0.4375 0.234265734266 0.2275 8321 0
/images/fk3sets_all/1524340white-jack-jones-m-400x400-imaeyn8acay9ym58.jpeg 0.347903829225 0.465 0.352112676056 0.2675 8322 0
/images/fk3sets_all/sppv1437-black-f-smokestack-xl-400x400-imadysmnth5nab5q.jpeg 0.375820490868 0.46 0.397260273973 0.2525 8323 0
/images/fk3sets_all/1xr01851-scullers-sport-40-400x400-imadwdt3tawatchc.jpeg 0.268396100427 0.4625 0.559829059829 0.2975 8324 0
/images/fk3sets_all/132wtfspcs12-tred-american-swan-s-400x400-imadrms3pfwhhhnh.jpeg 0.418897508741 0.4475 0.223776223776 0.2025 8325 0
/images/fk3sets_all/rlmp-f14-046-red-line-l-400x400-imae2h3bkkgsevge.jpeg 0.339799360795 0.465 0.477272727273 0.2175 8326 0
/images/fk3sets_all/1xr00481-scullers-40-400x400-imadqgrwgfygv5te.jpeg 0.425890515734 0.48 0.29020979021 0.215 8327 0
/images/fk3sets_all/instagram-ssblack-pepe-m-400x400-imadttqggugfgpyt.jpeg 0.415401005245 0.44 0.363636363636 0.2725 8328 0
/images/fk3sets_all/swzds-009-sag-rbl-softwear-xl-400x400-imaefyyfagezqgg3.jpeg 0.334849191542 0.4675 0.422885572139 0.2575 8329 0
/images/fk3sets_all/p-186wine-being-human-l-400x400-imaeyphy9pkhazdz.jpeg 0.394373739919 0.4525 0.354838709677 0.2525 8330 0
/images/fk3sets_all/gu2dfj12-go-untucked-xl-400x400-imadtpzgvhzd67fz.jpeg 0.354561237374 0.4875 0.447811447811 0.2625 8331 0
/images/fk3sets_all/rcrn-do-nb-top-notch-s-400x400-imadxyft5v9b2gch.jpeg 0.425369480057 0.43 0.282051282051 0.2575 8332 0
/images/fk3sets_all/dark-royalqb-12-b-status-quo-m-400x400-imadvf2ppcpqd4ht.jpeg 0.36994645979 0.495 0.283216783217 0.1975 8333 0
/images/fk3sets_all/jfphh0071a4-john-players-l-400x400-imaefh2qmdfpcugf.jpeg 0.429237397119 0.485 0.358024691358 0.2075 8334 0
/images/fk3sets_all/2735-royal-blue-stride-l-400x400-imadxst5gydcjuzv.jpeg 0.345710440075 0.485 0.397003745318 0.285 8335 0
/images/fk3sets_all/101939bl-304-provogue-m-400x400-imade783vypyxcgg.jpeg 0.257014448925 0.4325 0.548387096774 0.2825 8336 0
/images/fk3sets_all/m-tshirt-11831-14635-orangeade-cottonworld-xl-400x400-imadsqtza5uzugzg.jpeg 0.40938085206 0.44 0.370786516854 0.25 8337 0
/images/fk3sets_all/fwts0063-flying-machine-s-400x400-imadm78yzuzmsktn.jpeg 0.415401005245 0.445 0.304195804196 0.1875 8338 0
/images/fk3sets_all/56720403kap-kap-puma-m-400x400-imadupsunbbmmbds.jpeg 0.183182565789 0.4625 0.642105263158 0.2975 8339 0
/images/fk3sets_all/combo-henley-full-yellow-v-neck-full-navy-unisopent-designs-s-400x400-imae2ty8zh7ngfux.jpeg 0.339441964286 0.42 0.342857142857 0.3125 8340 0
/images/fk3sets_all/is-14014carrot-inexcess-m-400x400-imaduewfc5axsc8m.jpeg 0.387428977273 0.45 0.339160839161 0.2325 8341 0
/images/fk3sets_all/tsgbold01-tsg-breeze-l-400x400-imadr8k3jqfdxg6z.jpeg 0.467734024664 0.4925 0.300448430493 0.1825 8342 0
/images/fk3sets_all/56jy8-green-f-french-connection-l-400x400-imadsk3fcejjbefn.jpeg 0.395305129717 0.42 0.367924528302 0.2125 8343 0
/images/fk3sets_all/aligator-12white-crocodile-s-400x400-imadn2cv6unzjnwj.jpeg 0.362953452797 0.5175 0.346153846154 0.24 8344 0
/images/fk3sets_all/10114120-snow-white-vero-moda-s-400x400-imadtq2wjkw2nuhg.jpeg 0.394421984266 0.475 0.346153846154 0.265 8345 0
/images/fk3sets_all/rpts000365charcoal-melange-regent-polo-club-m-400x400-imadu5zygneayyw8.jpeg 0.338477928322 0.4975 0.409090909091 0.25 8346 0
/images/fk3sets_all/ebtsc1207rbdeep-red-elle-kids-400x400-imadpnafnrerxwzx.jpeg 0.366449956294 0.425 0.454545454545 0.3375 8347 0
/images/fk3sets_all/cs-rib-m-pln-bu-campus-sutra-s-400x400-imadzzfc8qnzvsgx.jpeg 0.354663337629 0.4625 0.5 0.245 8348 0
/images/fk3sets_all/ben-medium-blue-f-freecultr-xl-400x400-imady9ffhyzaxdgr.jpeg 0.381590432961 0.43 0.541899441341 0.2475 8349 0
/images/fk3sets_all/pmkpo01cr214001-people-l-400x400-imaeyqkzezcn9ng8.jpeg 0.407360951835 0.4975 0.357798165138 0.22 8350 0
/images/fk3sets_all/derek-red-f-rat-trap-xxl-400x400-imadx2nztpggsgpq.jpeg 0.332283266129 0.435 0.430107526882 0.1925 8351 0
/images/fk3sets_all/gu2bvn7-go-untucked-s-400x400-imadtap6zhtktdfm.jpeg 0.426697270889 0.435 0.291105121294 0.25 8352 0
/images/fk3sets_all/1or01461-medium-blue-f-john-miller-38-400x400-imadzgu3ewzhhy5p.jpeg 0.367894513575 0.4125 0.325791855204 0.1775 8353 0
/images/fk3sets_all/ssts-22-srota-s-400x400-imadtutpuhu5kycn.jpeg 0.386908941948 0.3975 0.468164794007 0.3 8354 0
/images/fk3sets_all/rcpt-fg-m-nb-r-w-top-notch-s-400x400-imaeyyjs3u5kutfy.jpeg 0.42951171875 0.451476793249 0.22 0.303797468354 8355 0
/images/fk3sets_all/3057bright-green-duke-xl-400x400-imadjjz2gxmdryur.jpeg 0.401414991259 0.455 0.346153846154 0.2225 8356 0
/images/fk3sets_all/249022598lt-pink-mossimo-s-400x400-imadpgjdkgh48ybg.jpeg 0.376939466783 0.365 0.325174825175 0.2125 8357 0
/images/fk3sets_all/bh-helpnavy-being-human-m-400x400-imadrubfhrf2hz8e.jpeg 0.390925480769 0.4725 0.43006993007 0.29 8358 0
/images/fk3sets_all/mar-fsp-pheonix-xl-400x400-imadzyv4w64bbhvd.jpeg 0.303042763158 0.3275 0.736842105263 0.25 8359 0
/images/fk3sets_all/65717-0006-levi-s-m-400x400-imadzmyfsr4yzjvt.jpeg 0.383932473776 0.45 0.244755244755 0.23 8360 0
/images/fk3sets_all/lesh8038-lee-m-400x400-imady9hrp5ebancg.jpeg 0.31627921748 0.4475 0.373983739837 0.2675 8361 0
/images/fk3sets_all/fs-00024-black-silver-leaf-36-400x400-imaeyqac66jfwa8y.jpeg 0.327487929185 0.47 0.381974248927 0.185 8362 0
/images/fk3sets_all/opjd13074light-pink-orange-plus-xl-400x400-imadryb84zzch9hv.jpeg 0.36994645979 0.415 0.370629370629 0.265 8363 0
/images/fk3sets_all/13bsh29267aqua-basics-m-400x400-imadqpgcew2whvwe.jpeg 0.36994645979 0.4425 0.29020979021 0.185 8364 0
/images/fk3sets_all/chkshtt3bbb036-value-clothings-xl-400x400-imaeyx52kbzmkevw.jpeg 0.35451171875 0.414790996785 0.255 0.302250803859 8365 0
/images/fk3sets_all/301-8652-mc2-identiti-38-400x400-imadsg3khyq5bxns.jpeg 0.394219882246 0.45 0.29347826087 0.205 8366 0
/images/fk3sets_all/4799710021002-turtle-39-400x400-imaeffzjen4tptfz.jpeg 0.448759191176 0.4775 0.268907563025 0.1575 8367 0
/images/fk3sets_all/xmss04455-n8-parx-39-400x400-imaefhz3cvuyzau8.jpeg 0.433933423913 0.4725 0.321739130435 0.1875 8368 0
/images/fk3sets_all/spk9004tf62-speak-42-400x400-imae5rtbrage7enr.jpeg 0.370558869295 0.495 0.323651452282 0.1625 8369 0
/images/fk3sets_all/lmsh008401royal-blue-yellow-locomotive-m-400x400-imadygjxqgprew8p.jpeg 0.352852299528 0.45 0.419811320755 0.235 8370 0
/images/fk3sets_all/chkshtt3bbb02-value-clothings-m-400x400-imaeyx5fvmfnqvgu.jpeg 0.43201171875 0.501577287066 0.225 0.246056782334 8371 0
/images/fk3sets_all/chkshte233-sparrow-clothing-s-400x400-imaef68dxxgbym8n.jpeg 0.505622079439 0.4725 0.261682242991 0.225 8372 0
/images/fk3sets_all/247531090red-excalibur-40-400x400-imadzjapccwrknnk.jpeg 0.485331075175 0.5075 0.346153846154 0.2275 8373 0
/images/fk3sets_all/cqs-674a-005mutli-street-fuel-m-400x400-imadvrq55wd3rv2f.jpeg 0.408086622807 0.4475 0.284210526316 0.1875 8374 0
/images/fk3sets_all/chkshtbb342-factory-direct-s-400x400-imaeffjy6apngtmc.jpeg 0.468726035276 0.49 0.28527607362 0.2075 8375 0
/images/fk3sets_all/wrsh3182-green-wrangler-l-400x400-imadpb5gvtmsybxs.jpeg 0.442682291667 0.4225 0.226666666667 0.165 8376 0
/images/fk3sets_all/121011288407-1233-gini-jony-400x400-imadumnyhfgyydmv.jpeg 0.38043597028 0.4775 0.293706293706 0.21 8377 0
/images/fk3sets_all/fflb031400001012blue-le-bison-m-400x400-imadvk2khjynahf6.jpeg 0.411904501748 0.5 0.297202797203 0.205 8378 0
/images/fk3sets_all/mfs-577616-blue-mufti-xxl-400x400-imae5trqnhpm2tpn.jpeg 0.390663485222 0.5125 0.374384236453 0.1575 8379 0
/images/fk3sets_all/asms4813dk-green-arrow-sport-40-400x400-imadra62nhhx8qxw.jpeg 0.387428977273 0.4925 0.269230769231 0.2025 8380 0
/images/fk3sets_all/260632-roadster-xl-400x400-imaefbcbfu9frpyy.jpeg 0.366015625 0.4725 0.266666666667 0.1975 8381 0
/images/fk3sets_all/alsf514c03848dark-blue-with-yellow-allen-solly-39-400x400-imadzysjxawyfcac.jpeg 0.381712147887 0.485 0.361502347418 0.1725 8382 0
/images/fk3sets_all/651-4532-09-identiti-xl-400x400-imaefteaskcapyye.jpeg 0.389682112069 0.5075 0.413793103448 0.16 8383 0
/images/fk3sets_all/131011368561-1384-palm-tree-400x400-imadvw6tmdey2wm7.jpeg 0.397918487762 0.4525 0.230769230769 0.1825 8384 0
/images/fk3sets_all/h01-hebron-xl-400x400-imae4mhqg5gg6npx.jpeg 0.283877522422 0.528822055138 0.452914798206 0.190476190476 8385 0
/images/fk3sets_all/dark-blue13bsh29372-basics-xxl-400x400-imadrnzhyv4dtpnc.jpeg 0.357616164921 0.4275 0.361256544503 0.175 8386 0
/images/fk3sets_all/sum-shirt-13-kivon-l-400x400-imae4j2mqpj4e9hx.jpeg 0.432079844498 0.5025 0.306220095694 0.155 8387 0
/images/fk3sets_all/asls4426me-green-arrow-sports-40-400x400-imadmuherraqjtdr.jpeg 0.418897508741 0.5 0.262237762238 0.16 8388 0
/images/fk3sets_all/ocpt3313-hf-jansons-44-400x400-imae39p7t7hpfdey.jpeg 0.337021315029 0.4275 0.387283236994 0.18 8389 0
/images/fk3sets_all/12a5ac19u008i901-united-colors-of-benetton-l-400x400-imaddhyj2pztfyza.jpeg 0.429475532946 0.505 0.302325581395 0.1775 8390 0
/images/fk3sets_all/kki-49-overdrive-400x400-imadxh9v7a7q5hvf.jpeg 0.467392212567 0.45 0.248663101604 0.235 8391 0
/images/fk3sets_all/isc4872-blue-indigo-nation-40-400x400-imadrg6dvgzbnuhe.jpeg 0.373442963287 0.4725 0.321678321678 0.205 8392 0
/images/fk3sets_all/13bsh28901grey-basics-m-400x400-imadupft4jdbsxvu.jpeg 0.380347079918 0.4725 0.356557377049 0.2025 8393 0
/images/fk3sets_all/green12bsh27478-basics-xs-400x400-imadrgcaz2dzh276.jpeg 0.435063303859 0.415 0.254019292605 0.1925 8394 0
/images/fk3sets_all/chsht3-113-true-fashion-xl-400x400-imae3amymqpye7gf.jpeg 0.43951171875 0.549418604651 0.22 0.264534883721 8395 0
/images/fk3sets_all/245272039black-ruggers-m-400x400-imadkn9bsqedgs5n.jpeg 0.429387019231 0.5075 0.283216783217 0.2025 8396 0
/images/fk3sets_all/jwcfs9271a1-grey-f-john-players-42-400x400-imads4qeyhzkhjzz.jpeg 0.430914594241 0.445 0.376963350785 0.1625 8397 0
/images/fk3sets_all/preh-18124-karlsburg-42-400x400-imaeffpyu7wf3bfu.jpeg 0.356109457672 0.4075 0.439153439153 0.1975 8398 0
/images/fk3sets_all/l-wtb-323green-ant-400x400-imaduyydzkanugaz.jpeg 0.334981424825 0.3525 0.363636363636 0.2825 8399 0
/images/fk3sets_all/slsh000078-brown-slub-xl-400x400-imadp73ny7q5hphz.jpeg 0.355042303493 0.415 0.441048034934 0.2175 8400 0
/images/fk3sets_all/chsht2-11-true-fashion-xl-400x400-imae38qa8zhndjnr.jpeg 0.491869433842 0.455 0.267175572519 0.255 8401 0
/images/fk3sets_all/pcsz00649-b6-park-avenue-39-400x400-imaeffzjjhzdkcef.jpeg 0.348889802632 0.44 0.334586466165 0.2125 8402 0
/images/fk3sets_all/gmshsp068dark-blue-colorplus-m-400x400-imadpybyvmz3snkc.jpeg 0.418897508741 0.4575 0.241258741259 0.1675 8403 0
/images/fk3sets_all/fls15sh007orange-white-flippd-m-400x400-imae4ucbv6jvghff.jpeg 0.352223115809 0.4275 0.319852941176 0.225 8404 0
/images/fk3sets_all/hlsh008010navy-blue-red-highlander-m-400x400-imaefxuhucnghaeh.jpeg 0.313295077434 0.435 0.389380530973 0.1975 8405 0
/images/fk3sets_all/fpmsht142026multi-colour-flippd-m-400x400-imadysdbr4h4t5qe.jpeg 0.314435529279 0.4225 0.436936936937 0.2275 8406 0
/images/fk3sets_all/s29-21-inside-38-400x400-imaeyq774fzxs5zz.jpeg 0.381469174208 0.485 0.321266968326 0.17 8407 0
/images/fk3sets_all/3831-libraman-40-400x400-imaefbp3gmktbvqz.jpeg 0.312459520725 0.445 0.435233160622 0.2025 8408 0
/images/fk3sets_all/klara60a-klara-m-400x400-imae5eg3dqtyzzfw.jpeg 0.349298007246 0.4325 0.3961352657 0.2 8409 0
/images/fk3sets_all/wsmwtk35b38-wills-lifestyle-40-400x400-imadmwsnyj8fzcpd.jpeg 0.359456949301 0.4225 0.300699300699 0.225 8410 0
/images/fk3sets_all/13p5ac16u008i901-united-colors-of-benetton-s-400x400-imadj8k7935uh3sg.jpeg 0.345470935315 0.4725 0.328671328671 0.195 8411 0
/images/fk3sets_all/245280186green-ruggers-m-400x400-imadkn9c8bhz8ddp.jpeg 0.397918487762 0.465 0.304195804196 0.205 8412 0
/images/fk3sets_all/471111001slim-turtle-40-400x400-imadv273eg4mgzen.jpeg 0.429387019231 0.4725 0.258741258741 0.1875 8413 0
/images/fk3sets_all/mtpsh000536lt-blue-white-mark-taylor-40-400x400-imadygzcc5vbu7fq.jpeg 0.44592085041 0.4675 0.372950819672 0.2425 8414 0
/images/fk3sets_all/4033red-cuffle-40-400x400-imaey38cvkmztvgg.jpeg 0.440643310547 0.4525 0.32421875 0.1975 8415 0
/images/fk3sets_all/79993-0001crimson-levi-s-xl-400x400-imae4g2b3rp6nyg3.jpeg 0.455864448052 0.4625 0.406926406926 0.19 8416 0
/images/fk3sets_all/2528-blue-r-c-m-400x400-imadxtrhsd3ughkg.jpeg 0.391871946254 0.435 0.315960912052 0.2525 8417 0
/images/fk3sets_all/chkshtt3bbb013-value-clothings-s-400x400-imaeyx5fsjfh7vk8.jpeg 0.34701171875 0.44126984127 0.17 0.215873015873 8418 0
/images/fk3sets_all/fs-00025-grey-silver-leaf-36-400x400-imaeyq8tvzcvrach.jpeg 0.237711997487 0.365 0.482412060302 0.28 8419 0
/images/fk3sets_all/chkshtbb135-factory-direct-s-400x400-imaeffgpsveg5pd7.jpeg 0.453388611963 0.5 0.266871165644 0.2075 8420 0
/images/fk3sets_all/1022-volume-zero-42-400x400-imadzqx9znzq7bzh.jpeg 0.432883522727 0.475 0.248251748252 0.175 8421 0
/images/fk3sets_all/rls-0897-2-richlook-46-400x400-imae2dh3cxqjmahm.jpeg 0.391610689252 0.47 0.38785046729 0.22 8422 0
/images/fk3sets_all/ca127222-edenelliot-38-400x400-imadzzdg2qznjfzg.jpeg 0.355929736025 0.455 0.403726708075 0.1625 8423 0
/images/fk3sets_all/20026-wf-bkt-078green-yellow-ufo-400x400-imadrmpbzmywhh4d.jpeg 0.401414991259 0.4225 0.307692307692 0.2275 8424 0
/images/fk3sets_all/mtpsh000989purple-white-mark-taylor-39-400x400-imaefq4qwebm5gts.jpeg 0.42424972467 0.455 0.383259911894 0.2225 8425 0
/images/fk3sets_all/14a5ac08u008i902-united-colors-of-benetton-m-400x400-imadyp9eddtf7sgk.jpeg 0.446360518293 0.4925 0.365853658537 0.2125 8426 0
/images/fk3sets_all/hlsh006956-highlander-s-400x400-imadhh8rbuqgsvur.jpeg 0.44798309949 0.495 0.392857142857 0.2025 8427 0
/images/fk3sets_all/hlsh008213white-red-highlander-m-400x400-imae5d9everzzsut.jpeg 0.417294034091 0.49 0.340909090909 0.2025 8428 0
/images/fk3sets_all/254680413aqua-colt-m-400x400-imae2eg5bavcff5d.jpeg 0.428650155602 0.5225 0.269709543568 0.1775 8429 0
/images/fk3sets_all/chkshtbb136-factory-direct-xl-400x400-imaeffgrf8dcm4aq.jpeg 0.4809375 0.5175 0.236923076923 0.1925 8430 0
/images/fk3sets_all/hlsh007693orange-blue-highlander-m-400x400-imadwmvk59vgvgfk.jpeg 0.392642161885 0.4275 0.356557377049 0.205 8431 0
/images/fk3sets_all/pmsx06419-b6-park-avenue-40-400x400-imadpptgrrvggcnf.jpeg 0.390925480769 0.425 0.318181818182 0.2025 8432 0
/images/fk3sets_all/lmsh008086aqua-blue-black-locomotive-m-400x400-imaduew6gxzfzxdw.jpeg 0.408407998252 0.4625 0.272727272727 0.215 8433 0
/images/fk3sets_all/chsht3-156-true-fashion-m-400x400-imae3ahxgjvqfzgd.jpeg 0.34201171875 0.437317784257 0.235 0.204081632653 8434 0
/images/fk3sets_all/green13bsh28771-basics-m-400x400-imads82jz7gnu8br.jpeg 0.403529353035 0.4075 0.290734824281 0.2325 8435 0
/images/fk3sets_all/ktn003-indian-weller-36-400x400-imae57stukxwvgkn.jpeg 0.350947627315 0.385 0.490740740741 0.27 8436 0
/images/fk3sets_all/14a5cr45q0n0g905-united-colors-of-benetton-400x400-imaey24zxj6e5quw.jpeg 0.316015625 0.3725 0.403333333333 0.235 8437 0
/images/fk3sets_all/741381001f-turtle-40-400x400-imadvpg4ucsvatqk.jpeg 0.453232511468 0.4425 0.408256880734 0.2025 8438 0
/images/fk3sets_all/chkshte01-true-fashion-xl-400x400-imaef4xngj7fsacg.jpeg 0.385457871835 0.4425 0.300632911392 0.215 8439 0
/images/fk3sets_all/l-wtb-307blue-ant-400x400-imaduyyghe2uwmjd.jpeg 0.43987652972 0.4525 0.318181818182 0.1975 8440 0
/images/fk3sets_all/13p5bvt5q02pgdenim-blue-united-colors-of-benetton-400x400-imadkpz6szp7hnfx.jpeg 0.31050590035 0.3925 0.377622377622 0.2625 8441 0
/images/fk3sets_all/jwcfs9311a1-red-f-john-players-40-400x400-imads4qx8cukbtw3.jpeg 0.353961358921 0.435 0.294605809129 0.15 8442 0
/images/fk3sets_all/chkshtbb23-factory-direct-l-400x400-imaeffgkzg7n4hsb.jpeg 0.429497530395 0.4575 0.294832826748 0.2325 8443 0
/images/fk3sets_all/nmshha816yellow-numero-uno-m-400x400-imadu89vyaqvtyh9.jpeg 0.334981424825 0.45 0.339160839161 0.2575 8444 0
/images/fk3sets_all/13bsh28811blue-basics-m-400x400-imaduue2faswkyah.jpeg 0.359456949301 0.4875 0.335664335664 0.2225 8445 0
/images/fk3sets_all/gmsff0085bright-pink-gant-s-400x400-imae2ug7agutxydq.jpeg 0.357555650685 0.435 0.401826484018 0.23 8446 0
/images/fk3sets_all/msfs-1839-ch-black-monteil-munero-38-400x400-imadrcuhtevcxgmu.jpeg 0.344100765306 0.5125 0.338775510204 0.2025 8447 0
/images/fk3sets_all/wrsh3618-wrangler-m-400x400-imadm93wfc6qhhbk.jpeg 0.36994645979 0.4775 0.272727272727 0.19 8448 0
/images/fk3sets_all/lmsh008208-locomotive-m-400x400-imadw6746dfrbhmg.jpeg 0.352463942308 0.4525 0.332167832168 0.2475 8449 0
/images/fk3sets_all/gl00103-gudluk-l-400x400-imae4s5ptbpgg5q3.jpeg 0.286402925532 0.465 0.348936170213 0.1875 8450 0
/images/fk3sets_all/vadoubleblue-celio-m-400x400-imaefcshnedhqahu.jpeg 0.330323322511 0.445 0.380952380952 0.2225 8451 0
/images/fk3sets_all/wcmwty72f45green-ash-wills-lifestyle-40-400x400-imadxxhjgpesvd7c.jpeg 0.42068052686 0.44 0.351239669421 0.2175 8452 0
/images/fk3sets_all/shaw196-129l-derby-jeans-community-40-m-400x400-imaddj4a9jxwehhz.jpeg 0.323718898104 0.4675 0.379146919431 0.21 8453 0
/images/fk3sets_all/sr4f6505mos-kenneth-cole-reaction-m-400x400-imaefcsh2rsdregs.jpeg 0.416202022822 0.5125 0.290456431535 0.16 8454 0
/images/fk3sets_all/f-112-blue-fash-a-holic-xl-400x400-imae4ryqgswrz9yb.jpeg 0.359637920673 0.473684210526 0.360576923077 0.200501253133 8455 0
/images/fk3sets_all/dcshirt2028-d-vogue-london-m-400x400-imae4k88mwfdmmch.jpeg 0.361248405612 0.48 0.295918367347 0.15 8456 0
/images/fk3sets_all/nmshfa624-numero-uno-xl-400x400-imads4qgcy9fhsxq.jpeg 0.386937792056 0.4625 0.308411214953 0.1625 8457 0
/images/fk3sets_all/afzs9998green-arrow-39-400x400-imae4zsy2qqagdma.jpeg 0.355672554348 0.4425 0.378260869565 0.2025 8458 0
/images/fk3sets_all/lotus-355-blue-scatchite-xl-400x400-imae2nfwgxpwtgcg.jpeg 0.309500888626 0.4775 0.469194312796 0.225 8459 0
/images/fk3sets_all/esf31401711medium-green-with-white-peter-england-40-400x400-imaduu6gnfngpesr.jpeg 0.404911494755 0.49 0.269230769231 0.1775 8460 0
/images/fk3sets_all/671361314-gas-m-400x400-imae2mmzzusfpphy.jpeg 0.37959397007 0.48 0.267605633803 0.1775 8461 0
/images/fk3sets_all/s-13-006-ch-green-green-f-monteil-munero-40-400x400-imaduzsmw4rzhsvz.jpeg 0.40049149061 0.4625 0.272300469484 0.1675 8462 0
/images/fk3sets_all/2130810021002-london-bridge-39-400x400-imaeyzdhhycvjkhb.jpeg 0.418479567308 0.4775 0.342307692308 0.2375 8463 0
/images/fk3sets_all/chkshtfdd45-sparrow-clothing-l-400x400-imaefuh2gjxftngf.jpeg 0.496299342105 0.5475 0.207430340557 0.1825 8464 0
/images/fk3sets_all/chkshte111-true-fashion-xxl-400x400-imaef53hcavggntz.jpeg 0.490137924383 0.5325 0.268518518519 0.205 8465 0
/images/fk3sets_all/dwsh000406red-off-white-dustin-wood-40-400x400-imadz5byb6hygzxx.jpeg 0.422394012238 0.4925 0.311188811189 0.25 8466 0
/images/fk3sets_all/xmss04455-r8-parx-39-400x400-imaeyx75cvzraasz.jpeg 0.370243055556 0.475 0.386666666667 0.2125 8467 0
/images/fk3sets_all/05-chx-rt11470brn-vivaldi-40-400x400-imadrnxye7vwsecg.jpeg 0.425890515734 0.485 0.27972027972 0.1975 8468 0
/images/fk3sets_all/asms15124me-red-arrow-sport-40-400x400-imadra6ffjkc2wzb.jpeg 0.359456949301 0.505 0.265734265734 0.2025 8469 0
/images/fk3sets_all/vssf513s09598dark-ivory-with-blue-van-heusen-sport-40-400x400-imads6r4zwpg5fmk.jpeg 0.418897508741 0.525 0.374125874126 0.2275 8470 0
/images/fk3sets_all/frs53402-reid-taylor-42-400x400-imaddgp86rcaarje.jpeg 0.420021802326 0.485 0.297674418605 0.185 8471 0
/images/fk3sets_all/245272080-ruggers-young-l-400x400-imadsrk8e4wqpcug.jpeg 0.316691080729 0.46 0.479166666667 0.1975 8472 0
/images/fk3sets_all/ar70070-arihant-36-400x400-imadszcaggzqbqed.jpeg 0.480541900749 0.51 0.258426966292 0.14 8473 0
/images/fk3sets_all/gs-royal-blue-ivoc-l-400x400-imaefdwjhfaazcat.jpeg 0.354905523256 0.4675 0.390697674419 0.21 8474 0
/images/fk3sets_all/ch03492-baaamboos-44-400x400-imae3geaftnh72br.jpeg 0.337936907583 0.4525 0.303317535545 0.14 8475 0
/images/fk3sets_all/cb59-cuffle-40-400x400-imadzd3cydeznfhf.jpeg 0.436156798246 0.515 0.287719298246 0.2375 8476 0
/images/fk3sets_all/jwchs1783a5-john-players-39-400x400-imadn7t8sas5webz.jpeg 0.390925480769 0.51 0.27972027972 0.1925 8477 0
/images/fk3sets_all/mtpsh001022navy-blue-white-mark-taylor-39-400x400-imaefsdmkhgjahyp.jpeg 0.355899586397 0.4725 0.319852941176 0.195 8478 0
/images/fk3sets_all/hlsh008007rust-black-highlander-m-400x400-imaefxugwrwnyhfq.jpeg 0.353657670455 0.4425 0.413636363636 0.205 8479 0
/images/fk3sets_all/chkshtt3ccc79-value-clothing-xxl-400x400-imaef9jegywsxxxw.jpeg 0.45951171875 0.565359477124 0.1975 0.245098039216 8480 0
/images/fk3sets_all/rfs-729-sky-blue-f-recap-s-400x400-imadrctyppujn68g.jpeg 0.386937792056 0.425 0.331775700935 0.1975 8481 0
/images/fk3sets_all/chkshte109-true-fashion-m-400x400-imaef53f3eymkht9.jpeg 0.437086253894 0.5675 0.283489096573 0.1875 8482 0
/images/fk3sets_all/eqywt00032brq0-quiksilver-m-400x400-imadxae8amdyyhz4.jpeg 0.354406524123 0.495 0.350877192982 0.175 8483 0
/images/fk3sets_all/1ps17932green-the-privilege-club-40-400x400-imadxhzueguusuw8.jpeg 0.41277649177 0.49 0.395061728395 0.225 8484 0
/images/fk3sets_all/mtpsh000131blue-off-white-mark-taylor-40-400x400-imadtycejxujxczn.jpeg 0.352463942308 0.375 0.286713286713 0.2125 8485 0
/images/fk3sets_all/cb-208green-orange-cuffle-39-400x400-imae26rmpzjhyrm9.jpeg 0.452204335017 0.4475 0.276094276094 0.1725 8486 0
/images/fk3sets_all/chksht07-sparrow-clothing-s-400x400-imadzqxmr4k9gzav.jpeg 0.380639648437 0.48 0.30625 0.245 8487 0
/images/fk3sets_all/asps3204lt-blue-arrow-sport-39-400x400-imae5fcq3thwcnbx.jpeg 0.348020833333 0.4575 0.511111111111 0.23 8488 0
/images/fk3sets_all/jwffsg051a2-john-players-40-400x400-imadzdfhwy75tq8y.jpeg 0.455749752964 0.48 0.296442687747 0.185 8489 0
/images/fk3sets_all/pw-sh-0029-bm-lcblack-club-avis-usa-l-400x400-imadxxgzmfqmbeey.jpeg 0.430615011416 0.475 0.383561643836 0.18 8490 0
/images/fk3sets_all/bcsh011043navy-blue-white-black-coffee-40-400x400-imaduyftzfsefg7d.jpeg 0.408407998252 0.38 0.370629370629 0.2425 8491 0
/images/fk3sets_all/ary908-ayaany-s-400x400-imae4dexn93gsytn.jpeg 0.266359839109 0.49 0.420792079208 0.215 8492 0
/images/fk3sets_all/gangard-withman-xxl-400x400-imaefpubuh8ffpuz.jpeg 0.375634938163 0.4775 0.279151943463 0.23 8493 0
/images/fk3sets_all/ns0017-white-f-manchester-united-39-400x400-imadwpwngd6ygm6k.jpeg 0.359918114973 0.465 0.331550802139 0.1575 8494 0
/images/fk3sets_all/zc-fs-pnt-040-zinng-42-400x400-imae5gfykgc4hbxj.jpeg 0.140242866848 0.4 0.576086956522 0.2275 8495 0
/images/fk3sets_all/piccadilly-07-thomas-scott-xl-400x400-imae2v8qvs54dyg9.jpeg 0.418770926339 0.48 0.330357142857 0.175 8496 0
/images/fk3sets_all/441c-raindrops-m-400x400-imadyvg3uunvh9m5.jpeg 0.372682291667 0.4375 0.263333333333 0.1925 8497 0
/images/fk3sets_all/3143bottle-green-cuffle-40-400x400-imadzc6vhxaqhkg6.jpeg 0.330158390411 0.47 0.388127853881 0.2025 8498 0
/images/fk3sets_all/c12-195wtsht-chemistry-xs-400x400-imadzmqycyhay9db.jpeg 0.376015625 0.4225 0.313333333333 0.2575 8499 0
/images/fk3sets_all/ad0453psh002-oxolloxo-m-400x400-imae2fmg4tpyayxe.jpeg 0.390118387372 0.48 0.269624573379 0.185 8500 0
/images/fk3sets_all/mdb69000203-mode-de-base-italie-l-400x400-imaeygn5enwsqgrr.jpeg 0.380477729885 0.445 0.32183908046 0.175 8501 0
/images/fk3sets_all/ds-16525-87-baw-black-white-f-femella-m-400x400-imadxwyzqqjpnuwr.jpeg 0.378714139344 0.4475 0.322404371585 0.195 8502 0
/images/fk3sets_all/alsh000066pink-alibi-s-400x400-imadsb7hgvxy25ft.jpeg 0.425890515734 0.46 0.251748251748 0.1625 8503 0
/images/fk3sets_all/sf-c5997-c-cairon-xl-400x400-imaeftesrh4fdzzu.jpeg 0.423482626354 0.4825 0.249097472924 0.16 8504 0
/images/fk3sets_all/151168-beebay-400x400-imae567adyr3xw8q.jpeg 0.42701171875 0.44414893617 0.28 0.329787234043 8505 0
/images/fk3sets_all/1246-wt-print-hermosear-xl-400x400-imae359ufnscfqzu.jpeg 0.439701140873 0.4575 0.293650793651 0.135 8506 0
/images/fk3sets_all/kz-nha1007-jazzup-400x400-imae5xgcv3htdj8y.jpeg 0.393531356655 0.395 0.334470989761 0.245 8507 0
/images/fk3sets_all/shw12-blkgry-kaaryah-6-400x400-imae2mbehzfmydpm.jpeg 0.267706058952 0.4225 0.35807860262 0.1825 8508 0
/images/fk3sets_all/alsh000050blue-alibi-s-400x400-imadqvtacznb5ujp.jpeg 0.348967438811 0.415 0.248251748252 0.18 8509 0
/images/fk3sets_all/340b-white-f-raindrops-l-400x400-imadwy9g9f5fhctb.jpeg 0.392578125 0.38 0.38829787234 0.19 8510 0
/images/fk3sets_all/ss15-surf-07-bells-and-whistles-2-400x400-imae5ysdzznqzhkb.jpeg 0.350647745253 0.335 0.395569620253 0.3 8511 0
/images/fk3sets_all/e00412-1-grey-f-richlook-38-400x400-imadwy9hs38cxhqn.jpeg 0.419348958333 0.4125 0.29 0.21 8512 0
/images/fk3sets_all/toc-53-25519-toscee-l-400x400-imaeff6bggr8nbta.jpeg 0.414575997653 0.4725 0.413145539906 0.1975 8513 0
/images/fk3sets_all/1687808cloud-dancer-only-34-400x400-imae4rtutvezu9bt.jpeg 0.345438415751 0.4175 0.307692307692 0.1725 8514 0
/images/fk3sets_all/ak-424-green-akyra-l-400x400-imae2eha8brfwbww.jpeg 0.307866115196 0.4275 0.446078431373 0.215 8515 0
/images/fk3sets_all/asjs4567-arrow-42-400x400-imaddksqsarzf5yb.jpeg 0.301039022843 0.4225 0.441624365482 0.22 8516 0
/images/fk3sets_all/1105-haute-couture-xxl-400x400-imaeybyf4nheamwn.jpeg 0.327949042793 0.4025 0.427927927928 0.2275 8517 0
/images/fk3sets_all/el-paso-04b-aw14-blumerq-xxl-400x400-imae37g8ts52bkzc.jpeg 0.337809619816 0.4125 0.41935483871 0.21 8518 0
/images/fk3sets_all/10060bl-la-seven-m-400x400-imae4cc3rz2zyh7h.jpeg 0.349774564677 0.4175 0.422885572139 0.2075 8519 0
/images/fk3sets_all/gns15sh007black-print-global-nomad-m-400x400-imae5efgr469mxkg.jpeg 0.387984664352 0.4325 0.393518518519 0.2075 8520 0
/images/fk3sets_all/gia-blue-fast-n-fashion-l-400x400-imae3hvtez78qjpx.jpeg 0.356876586294 0.465 0.426395939086 0.2075 8521 0
/images/fk3sets_all/slsh000430-grey-f-slub-m-400x400-imadwpu88kfcvgu6.jpeg 0.348412298387 0.3775 0.462365591398 0.19 8522 0
/images/fk3sets_all/ary040-ayaany-xxl-400x400-imae4w4dm5kgzzhm.jpeg 0.515341481855 0.4325 0.314516129032 0.1825 8523 0
/images/fk3sets_all/tfo-09-p-631-1-true-fashion-m-400x400-imae5f556sc2fhut.jpeg 0.354245105422 0.375939849624 0.439759036145 0.177944862155 8524 0
/images/fk3sets_all/lmsh009051blue-purple-locomotive-m-400x400-imae5efhydbwfmdt.jpeg 0.383576388889 0.415 0.408888888889 0.28 8525 0
/images/fk3sets_all/15742090-only-34-400x400-imadu5k8dp3zzezy.jpeg 0.418897508741 0.4325 0.283216783217 0.1825 8526 0
/images/fk3sets_all/vdsf314e08045-v-dot-39-400x400-imadzmktydhbcmze.jpeg 0.455164292279 0.43 0.308823529412 0.215 8527 0
/images/fk3sets_all/jwffsg071a2-john-players-39-400x400-imaefzypvsevtwkd.jpeg 0.457269799618 0.4 0.301526717557 0.205 8528 0
/images/fk3sets_all/ad0453psh004-oxolloxo-xxl-400x400-imae2fmhgzq4hndr.jpeg 0.441312926621 0.46 0.269624573379 0.185 8529 0
/images/fk3sets_all/shsf0010-younky-l-400x400-imaey4ajgc3xga3x.jpeg 0.482328869048 0.4625 0.21768707483 0.175 8530 0
/images/fk3sets_all/shrt03multi-max-l-400x400-imae4u79x5fz68qs.jpeg 0.317670036765 0.4075 0.377450980392 0.17 8531 0
/images/fk3sets_all/xmss04532-b2-parx-39-400x400-imadzw2hvuyvgctg.jpeg 0.433975290698 0.45 0.316279069767 0.18 8532 0
/images/fk3sets_all/946-red-goddess-women-m-400x400-imaeyssn5f4d34hr.jpeg 0.352739278243 0.42 0.271966527197 0.1475 8533 0
/images/fk3sets_all/pfx00011-80-s-print-playfox-m-400x400-imae3gaj2dvbhtmt.jpeg 0.361787683824 0.45 0.426470588235 0.22 8534 0
/images/fk3sets_all/gsgrptg0042bl-gypsy-soul-xl-400x400-imaeffky72nzwuth.jpeg 0.240167942177 0.395 0.496598639456 0.1725 8535 0
/images/fk3sets_all/ss13-wb-bk-072blue-aster-ufo-400x400-imadmmwhcq7qhhf7.jpeg 0.373442963287 0.3875 0.276223776224 0.2 8536 0
/images/fk3sets_all/cs200-saffire-38-400x400-imae2dhyhw5x4jxz.jpeg 0.400572062842 0.4325 0.398907103825 0.1825 8537 0
/images/fk3sets_all/slsh000539white-navy-slub-m-400x400-imadsbasf5vwwndg.jpeg 0.341974431818 0.3825 0.346153846154 0.2475 8538 0
/images/fk3sets_all/sh5171lswhite-copperstone-6xl-400x400-imae4hx9ywbeqfcn.jpeg 0.343140768349 0.45 0.371559633028 0.2525 8539 0
/images/fk3sets_all/fashionia-blue-studio-nexx-4xl-400x400-imae4fzcvtq35zkr.jpeg 0.353866185897 0.4175 0.333333333333 0.1825 8540 0
/images/fk3sets_all/lcwt-4141-b-615-md-cp-camoff-white-lee-cooper-m-400x400-imadyvtdhzfpc8bu.jpeg 0.474186197917 0.4675 0.316666666667 0.1775 8541 0
/images/fk3sets_all/1665803federal-blue-jack-jones-m-400x400-imaeypgzdvgzctbp.jpeg 0.34663003178 0.3775 0.377118644068 0.2325 8542 0
/images/fk3sets_all/pfx00044-satin-print-black-playfox-xl-400x400-imae5xhbmthatzf3.jpeg 0.279930079909 0.475 0.365296803653 0.18 8543 0
/images/fk3sets_all/7013black-hancock-40-400x400-imadw7gdypefuu7t.jpeg 0.419739403114 0.47 0.311418685121 0.2175 8544 0
/images/fk3sets_all/m14-039wttop-white-f-chemistry-m-400x400-imadxb54mauzfaph.jpeg 0.325143417874 0.4075 0.454106280193 0.23 8545 0
/images/fk3sets_all/1155-dotprint-hermosear-m-400x400-imadvd4uu2ugn7cs.jpeg 0.44523785828 0.475 0.238853503185 0.185 8546 0
/images/fk3sets_all/cs002r0prsfdgy9-tag-trend-xl-400x400-imae4pxkhugevrng.jpeg 0.31039946934 0.4025 0.429245283019 0.2425 8547 0
/images/fk3sets_all/pfx00033-printed-white-playfox-xl-400x400-imae4t2henmgxvxk.jpeg 0.314155910326 0.415 0.5 0.25 8548 0
/images/fk3sets_all/lmsh009301natural-locomotive-m-400x400-imae5efhguxb58gk.jpeg 0.404546039095 0.44 0.374485596708 0.2175 8549 0
/images/fk3sets_all/12125-brown-f-deal-jeans-l-400x400-imadvzyfv8qaff4a.jpeg 0.406547214674 0.405 0.385869565217 0.175 8550 0
/images/fk3sets_all/aw14-wf-bkt-059-black-f-ufo-400x400-imaey66cheu3hrmt.jpeg 0.401962917827 0.445 0.300835654596 0.2525 8551 0
/images/fk3sets_all/sd-1012-darkblue-ranger-l-400x400-imaefabbyyyagjgd.jpeg 0.282510080645 0.4875 0.41935483871 0.1925 8552 0
/images/fk3sets_all/14a5ac11u008i903-united-colors-of-benetton-m-400x400-imadzrftyjgzgybg.jpeg 0.477892287234 0.475 0.357446808511 0.2325 8553 0
/images/fk3sets_all/kz-jnc1427-jazzup-l-400x400-imae4saq5fef2zg3.jpeg 0.387902462121 0.4425 0.424242424242 0.1825 8554 0
/images/fk3sets_all/7338-drake-ks69fsl-wt-killer-m-400x400-imae2m89gyd2qpk8.jpeg 0.329267539526 0.43 0.434782608696 0.255 8555 0
/images/fk3sets_all/12079095-dark-grey-jack-jones-m-400x400-imadzmktggj44fzf.jpeg 0.39408533105 0.4675 0.392694063927 0.225 8556 0
/images/fk3sets_all/bohemia-beige-floral-pudu-lifestyle-l-400x400-imadm4meyvea5k8w.jpeg 0.38043597028 0.4575 0.318181818182 0.2 8557 0
/images/fk3sets_all/ol0064bl0103-oxolloxo-m-400x400-imae3jgywgnbmyng.jpeg 0.414009172355 0.4825 0.300341296928 0.22 8558 0
/images/fk3sets_all/lmsh009110navy-blue-blue-locomotive-m-400x400-imae4g4rgeg2wbjj.jpeg 0.365059705285 0.48 0.349593495935 0.21 8559 0
/images/fk3sets_all/lesh8543cloud-dancer-lee-s-400x400-imaeybfazagvefzn.jpeg 0.314383012821 0.4775 0.451282051282 0.18 8560 0
/images/fk3sets_all/awts313l1360-white-allen-solly-l-400x400-imadp36mu8ftgpna.jpeg 0.3984375 0.4525 0.455026455026 0.24 8561 0
/images/fk3sets_all/312588-dressberry-l-400x400-imaey3yugvvgxzpn.jpeg 0.422682291667 0.4775 0.3 0.2175 8562 0
/images/fk3sets_all/lmsh008247navy-blue-white-locomotive-m-400x400-imadwmwywcr6mtfx.jpeg 0.369466145833 0.4725 0.412037037037 0.2225 8563 0
/images/fk3sets_all/lfi-100104-love-from-india-l-400x400-imaeyc56t7cz8tu3.jpeg 0.330588176752 0.4675 0.283439490446 0.2375 8564 0
/images/fk3sets_all/rfs-1119-off-white-f-recap-s-400x400-imaeytxrbtbszzrd.jpeg 0.277952516234 0.435 0.616883116883 0.1925 8565 0
/images/fk3sets_all/nmshfa980-black-f-numero-uno-xxl-400x400-imadwy9hkbjcngv5.jpeg 0.456420319905 0.435 0.398104265403 0.2075 8566 0
/images/fk3sets_all/4020a-volume-zero-44-400x400-imadzqxduwzgcgtr.jpeg 0.38043597028 0.48 0.297202797203 0.19 8567 0
/images/fk3sets_all/shirt50008black-cation-xl-400x400-imae2hftrzj3kvcs.jpeg 0.35121875 0.455 0.312 0.175 8568 0
/images/fk3sets_all/lesh7659-lee-s-400x400-imadw5sa3k6anjhj.jpeg 0.433625768443 0.5025 0.340163934426 0.185 8569 0
/images/fk3sets_all/a658-brnp-mustard-xxl-400x400-imae3yv5aepx3ftf.jpeg 0.42031837406 0.485 0.263157894737 0.18 8570 0
/images/fk3sets_all/lmsh009050blue-white-locomotive-m-400x400-imae5efgsfkktfw2.jpeg 0.402223292952 0.51 0.405286343612 0.2175 8571 0
/images/fk3sets_all/vdsf314e03413black-v-dot-42-400x400-imadt9zvyhgxczgb.jpeg 0.289526879371 0.3725 0.479020979021 0.36 8572 0
/images/fk3sets_all/ad0408sh0005-oxolloxo-l-400x400-imaeyw54zgrgk8cg.jpeg 0.313355654762 0.475 0.409523809524 0.185 8573 0
/images/fk3sets_all/ad0411sh0002-oxolloxo-l-400x400-imae2fmghyy9gyg8.jpeg 0.379879479522 0.505 0.269624573379 0.1825 8574 0
/images/fk3sets_all/1667530-egret-jack-jones-m-400x400-imae2y2txxz5g4g4.jpeg 0.367294034091 0.47 0.390909090909 0.2175 8575 0
/images/fk3sets_all/ol0727sh0001-oxolloxo-m-400x400-imae3jgfzx3hvgqz.jpeg 0.403770264505 0.4925 0.303754266212 0.205 8576 0
/images/fk3sets_all/menshirt1017-chhipaprints-xl-400x400-imae3kugfxga46yy.jpeg 0.382469846491 0.46 0.30701754386 0.25 8577 0
/images/fk3sets_all/ary640blue-ayaany-s-400x400-imadu4gymvmrfyfv.jpeg 0.376646312261 0.445 0.314176245211 0.2 8578 0
/images/fk3sets_all/mdb69103507-mode-de-base-italie-xxl-400x400-imae4g78e3mdrynz.jpeg 0.417454403915 0.47 0.274021352313 0.195 8579 0
/images/fk3sets_all/14a5068l0004i902-united-colors-of-benetton-m-400x400-imadypd6sufafqd5.jpeg 0.320731026786 0.3875 0.371428571429 0.2775 8580 0
/images/fk3sets_all/329511-dressberry-l-400x400-imadzu6scx5bfder.jpeg 0.466193704044 0.49 0.257352941176 0.165 8581 0
/images/fk3sets_all/vwsh513l04875-van-heusen-s-400x400-imadz5c4rhfhdncs.jpeg 0.506310096154 0.51 0.213286713287 0.155 8582 0
/images/fk3sets_all/p10102163256001-people-40-400x400-imadnry9vvkxzcwe.jpeg 0.460855550699 0.4925 0.223776223776 0.1525 8583 0
/images/fk3sets_all/lesh5531-lee-l-400x400-imadhvg9wfzrfhzz.jpeg 0.404911494755 0.4325 0.262237762238 0.1825 8584 0
/images/fk3sets_all/p10102166084219navy-people-m-400x400-imae3fu7z38gptvm.jpeg 0.413324839056 0.4525 0.343347639485 0.2 8585 0
/images/fk3sets_all/ary508-ayaany-m-400x400-imadqbdamhybq8bb.jpeg 0.366449956294 0.4575 0.251748251748 0.1875 8586 0
/images/fk3sets_all/lmsh008043white-navy-blue-locomotive-m-400x400-imadyktmaphvb9jf.jpeg 0.399186197917 0.4875 0.35 0.2 8587 0
/images/fk3sets_all/sh3221methyl-blue-nun-s-400x400-imadmdgzuffdhhjy.jpeg 0.404911494755 0.46 0.241258741259 0.175 8588 0
/images/fk3sets_all/awsh000040plum-amari-west-s-400x400-imadqvz2fppn8wnd.jpeg 0.401414991259 0.4925 0.314685314685 0.2 8589 0
/images/fk3sets_all/14a5ap06u008i902-united-colors-of-benetton-m-400x400-imaefct6d6rw2sgj.jpeg 0.42981505102 0.5325 0.342857142857 0.1975 8590 0
/images/fk3sets_all/ns0018-dark-blue-f-manchester-united-44-400x400-imadwpw6fhhadngp.jpeg 0.347592905405 0.45 0.513513513514 0.225 8591 0
/images/fk3sets_all/10161233mb-nash-omie-m-400x400-imaeygky2zwdwxsc.jpeg 0.43201171875 0.439393939394 0.2675 0.280303030303 8592 0
/images/fk3sets_all/ary533dblack-ayaany-s-400x400-imaeygncz4xva2fs.jpeg 0.37944826555 0.4975 0.421052631579 0.2025 8593 0
/images/fk3sets_all/pink-327-love-from-india-l-400x400-imae293cmawvdckf.jpeg 0.185882260101 0.4775 0.484848484848 0.235 8594 0
/images/fk3sets_all/sh3216turqoise-nun-s-400x400-imadmf23yhcqzhf8.jpeg 0.38043597028 0.48 0.300699300699 0.1725 8595 0
/images/fk3sets_all/1691257-brilliant-blue-vero-moda-34-400x400-imaefjgynfrhjvyr.jpeg 0.400956483645 0.5 0.46261682243 0.225 8596 0
/images/fk3sets_all/p10102163536312neo-orange-people-40-400x400-imadw56rzzrc2gvf.jpeg 0.488827578671 0.5475 0.248251748252 0.15 8597 0
